2 1060.931
4 1063.864
6 1067.672
8 1067.485
10 1045.088
12 1051.352
14 1067.178
16 1065.162
18 1077.940
20 1067.722
22 1044.622
24 1065.596
2 1068.985
4 1063.294
6 1068.101
8 1064.999
10 1066.635
12 1070.337
14 1065.565
16 1064.393
18 1047.512
20 1064.290
22 1070.190
24 1063.811
2 1065.726
4 1065.156
6 1067.643
8 1061.435
10 1067.877
12 1065.440
14 1066.751
16 1069.826
18 1062.465
20 1064.441
22 1044.961
24 1065.045
2 1070.576
4 1064.536
6 1063.776
8 1059.933
10 1070.056
12 1056.663
14 1064.285
16 1067.766
18 1061.656
20 1063.685
22 1064.079
24 1065.187
2 1065.317
4 1067.952
6 1064.344
8 1059.629
10 1063.819
12 1068.381
14 1068.533
16 1064.610
18 1045.391
20 1067.099
22 1062.731
24 1067.501
2 1066.565
4 1064.912
6 1067.143
8 1064.830
10 1045.273
12 1067.354
14 1064.418
16 1068.114
18 1070.504
20 1045.186
22 1061.367
24 1066.293
2 1062.704
4 1066.575
6 1063.437
8 1068.042
10 1064.800
12 1069.090
14 1044.741
16 1065.400
18 1067.558
20 1066.927
22 1083.355
24 1065.030
2 1067.968
4 1064.262
6 1068.840
8 1051.525
10 1045.063
12 1065.839
14 1065.977
16 1069.731
18 1045.195
20 1061.768
22 1066.631
24 1062.780
2 1069.305
4 1064.329
6 1065.616
8 1066.020
10 1067.890
12 1055.317
14 1063.654
16 1067.192
18 1064.263
20 1070.876
22 1065.563
24 1045.143
2 1066.194
4 1054.606
6 1068.014
8 1063.410
10 1063.793
12 1065.373
14 1068.404
16 1064.695
18 1065.635
20 1066.085
22 1064.367
24 1068.843
