2 256.808
4 270.914
6 224.932
8 188.473
10 176.897
12 173.297
14 175.270
16 175.538
18 155.917
20 158.933
22 150.004
24 142.085
2 258.285
4 270.216
6 226.719
8 190.805
10 176.619
12 143.888
14 171.671
16 167.083
18 149.746
20 160.576
22 151.658
24 132.917
2 258.466
4 278.166
6 226.917
8 195.700
10 181.335
12 149.072
14 186.031
16 167.107
18 155.240
20 160.401
22 149.611
24 143.939
2 258.098
4 278.108
6 237.770
8 207.038
10 172.990
12 144.108
14 174.339
16 150.393
18 159.526
20 162.152
22 151.601
24 132.734
2 258.274
4 277.954
6 224.523
8 211.726
10 172.047
12 153.080
14 167.014
16 164.422
18 156.315
20 145.628
22 133.643
24 134.335
2 278.662
4 277.846
6 229.803
8 188.268
10 174.025
12 144.505
14 169.127
16 154.942
18 155.904
20 155.893
22 151.090
24 133.440
2 280.831
4 287.813
6 224.650
8 193.988
10 171.852
12 145.292
14 181.985
16 162.096
18 160.802
20 160.182
22 146.180
24 134.187
2 258.194
4 279.429
6 224.029
8 198.365
10 169.589
12 147.309
14 166.522
16 161.146
18 162.482
20 164.186
22 144.874
24 132.405
2 257.126
4 252.904
6 227.032
8 188.852
10 186.514
12 162.919
14 170.169
16 205.517
18 149.015
20 157.768
22 150.750
24 133.355
2 280.407
4 264.695
6 238.220
8 197.859
10 184.730
12 145.219
14 162.168
16 164.111
18 156.450
20 156.920
22 153.412
24 133.663
