2 863.548
4 854.608
6 831.890
8 861.346
10 853.989
12 834.295
14 850.220
16 880.996
18 851.657
20 884.617
22 853.380
24 852.273
2 850.607
4 831.564
6 854.726
8 851.712
10 854.809
12 854.569
14 860.127
16 882.375
18 881.248
20 879.106
22 848.259
24 853.137
2 846.699
4 861.187
6 857.917
8 866.265
10 854.764
12 852.296
14 854.441
16 880.239
18 851.869
20 838.230
22 844.428
24 850.637
2 853.475
4 851.626
6 854.651
8 848.694
10 856.327
12 852.193
14 833.450
16 885.262
18 856.131
20 881.140
22 858.350
24 883.024
2 859.704
4 852.512
6 859.416
8 853.681
10 884.646
12 880.673
14 883.582
16 861.470
18 854.881
20 851.929
22 854.384
24 881.128
2 854.319
4 857.436
6 851.256
8 864.740
10 848.022
12 831.399
14 851.899
16 834.912
18 869.676
20 838.174
22 831.806
24 882.316
2 882.181
4 860.463
6 858.360
8 857.244
10 881.734
12 852.845
14 867.850
16 851.368
18 852.350
20 857.553
22 851.977
24 833.479
2 863.681
4 852.281
6 872.252
8 855.401
10 852.096
12 853.827
14 861.294
16 854.957
18 831.188
20 881.836
22 885.504
24 882.930
2 846.953
4 831.640
6 859.790
8 852.678
10 884.686
12 856.003
14 852.190
16 851.439
18 882.005
20 852.889
22 852.375
24 851.791
2 857.650
4 880.992
6 877.284
8 882.292
10 852.741
12 855.028
14 831.599
16 854.656
18 851.157
20 854.094
22 857.031
24 847.381
