2 141.586
4 80.308
6 58.201
8 55.757
10 38.556
12 46.487
14 40.670
16 38.779
18 34.689
20 21.251
22 29.104
24 32.498
2 142.696
4 89.024
6 58.664
8 39.273
10 57.775
12 46.871
14 40.678
16 26.312
18 34.431
20 31.360
22 29.953
24 26.229
2 141.473
4 81.416
6 57.973
8 57.439
10 35.325
12 49.101
14 43.029
16 34.625
18 23.071
20 21.572
22 28.767
24 26.654
2 142.530
4 80.399
6 58.721
8 57.262
10 48.013
12 49.623
14 33.735
16 38.602
18 34.482
20 29.635
22 20.930
24 19.959
2 141.044
4 82.730
6 58.558
8 55.724
10 57.886
12 32.319
14 28.622
16 25.004
18 34.233
20 31.562
22 28.099
24 26.732
2 141.160
4 81.431
6 57.412
8 54.855
10 46.347
12 23.734
14 33.342
16 34.639
18 32.829
20 27.889
22 28.789
24 23.892
2 141.606
4 81.341
6 58.195
8 62.708
10 56.751
12 32.370
14 27.937
16 34.960
18 26.717
20 21.359
22 29.010
24 26.518
2 141.293
4 81.928
6 58.090
8 63.033
10 57.704
12 28.321
14 27.676
16 38.451
18 34.808
20 31.556
22 20.499
24 20.223
2 142.216
4 81.099
6 44.667
8 44.650
10 48.808
12 32.099
14 44.470
16 25.878
18 23.179
20 20.757
22 28.611
24 27.624
2 141.236
4 81.196
6 58.874
8 43.906
10 50.435
12 47.026
14 43.098
16 38.603
18 34.537
20 31.483
22 24.341
24 25.382
