2 16.025
4 13.924
6 12.719
8 16.741
10 15.169
12 16.318
14 16.279
16 11.964
18 16.771
20 16.776
22 16.425
24 10.587
2 10.985
4 10.451
6 14.864
8 16.393
10 16.563
12 16.459
14 16.611
16 15.510
18 13.236
20 16.805
22 16.508
24 14.572
2 11.323
4 15.159
6 16.282
8 15.809
10 13.727
12 16.460
14 16.663
16 16.488
18 16.343
20 12.985
22 16.106
24 13.061
2 16.482
4 16.652
6 13.543
8 16.751
10 16.266
12 16.504
14 16.506
16 16.550
18 16.486
20 16.353
22 13.379
24 10.500
2 16.757
4 16.509
6 16.474
8 16.263
10 15.646
12 16.369
14 16.297
16 16.927
18 15.616
20 16.733
22 16.295
24 14.008
2 16.565
4 16.738
6 16.496
8 16.237
10 14.373
12 16.726
14 16.210
16 16.710
18 16.495
20 14.946
22 16.646
24 16.388
2 16.747
4 16.310
6 14.184
8 16.617
10 15.004
12 13.530
14 16.774
16 16.466
18 15.671
20 16.674
22 16.945
24 16.646
2 13.858
4 16.339
6 16.654
8 12.897
10 12.169
12 16.580
14 16.764
16 13.920
18 16.394
20 16.771
22 14.569
24 16.749
2 16.549
4 16.792
6 16.369
8 16.748
10 16.907
12 15.112
14 16.724
16 16.259
18 15.550
20 16.591
22 15.613
24 16.782
2 14.094
4 16.407
6 16.418
8 16.800
10 16.517
12 15.808
14 16.428
16 18.857
18 16.794
20 12.876
22 10.641
24 12.665
