2 240.921
4 240.937
6 243.241
8 241.049
10 241.193
12 244.047
14 240.984
16 240.783
18 242.389
20 240.969
22 240.912
24 240.824
2 240.798
4 241.079
6 240.858
8 240.973
10 242.175
12 244.054
14 241.257
16 240.883
18 240.937
20 243.050
22 240.953
24 243.256
2 240.799
4 240.891
6 242.166
8 240.796
10 243.296
12 286.413
14 241.051
16 241.019
18 241.158
20 242.405
22 243.191
24 240.968
2 243.121
4 240.812
6 240.891
8 240.872
10 244.144
12 240.885
14 241.121
16 240.944
18 240.779
20 240.818
22 243.204
24 240.969
2 240.975
4 240.987
6 240.837
8 240.861
10 240.990
12 241.123
14 240.908
16 243.214
18 240.796
20 240.898
22 240.839
24 243.182
2 243.285
4 240.944
6 240.840
8 240.792
10 246.115
12 241.075
14 241.453
16 240.952
18 240.836
20 242.914
22 240.817
24 240.782
2 240.912
4 241.221
6 241.483
8 243.091
10 241.091
12 241.019
14 240.875
16 240.955
18 240.849
20 240.919
22 240.979
24 243.140
2 240.966
4 240.901
6 243.145
8 241.170
10 240.946
12 240.915
14 240.983
16 243.148
18 240.841
20 240.854
22 243.177
24 243.254
2 243.158
4 240.882
6 243.170
8 243.115
10 243.194
12 241.057
14 241.079
16 240.969
18 241.065
20 241.209
22 241.106
24 243.135
2 241.268
4 241.043
6 241.073
8 243.134
10 240.969
12 240.935
14 241.091
16 243.430
18 240.876
20 241.240
22 240.872
24 240.923
