2 501.383
4 501.383
6 501.383
8 501.383
10 501.383
12 501.383
14 501.383
16 501.383
18 501.383
20 501.383
22 501.383
24 501.383
2 500.873
4 500.873
6 500.873
8 500.873
10 500.873
12 500.873
14 500.873
16 500.873
18 500.873
20 500.873
22 500.873
24 500.873
2 508.426
4 508.426
6 508.426
8 508.426
10 508.426
12 508.426
14 508.426
16 508.426
18 508.426
20 508.426
22 508.426
24 508.426
2 500.591
4 500.591
6 500.591
8 500.591
10 500.591
12 500.591
14 500.591
16 500.591
18 500.591
20 500.591
22 500.591
24 500.591
2 501.446
4 501.446
6 501.446
8 501.446
10 501.446
12 501.446
14 501.446
16 501.446
18 501.446
20 501.446
22 501.446
24 501.446
2 507.189
4 507.189
6 507.189
8 507.189
10 507.189
12 507.189
14 507.189
16 507.189
18 507.189
20 507.189
22 507.189
24 507.189
2 502.180
4 502.180
6 502.180
8 502.180
10 502.180
12 502.180
14 502.180
16 502.180
18 502.180
20 502.180
22 502.180
24 502.180
2 500.559
4 500.559
6 500.559
8 500.559
10 500.559
12 500.559
14 500.559
16 500.559
18 500.559
20 500.559
22 500.559
24 500.559
2 520.227
4 520.227
6 520.227
8 520.227
10 520.227
12 520.227
14 520.227
16 520.227
18 520.227
20 520.227
22 520.227
24 520.227
2 501.356
4 501.356
6 501.356
8 501.356
10 501.356
12 501.356
14 501.356
16 501.356
18 501.356
20 501.356
22 501.356
24 501.356
