2 7058.109
4 3579.767
6 2389.349
8 1835.892
10 1464.455
12 1310.715
14 1678.431
16 1482.572
18 1323.661
20 1212.261
22 1103.797
24 1259.951
2 7050.142
4 3581.274
6 2381.512
8 1812.202
10 1487.120
12 1235.544
14 1697.595
16 1479.476
18 1326.344
20 1212.878
22 1108.344
24 1388.501
2 7081.382
4 3539.985
6 2431.185
8 1820.669
10 1486.344
12 1239.777
14 1686.279
16 1478.973
18 1327.301
20 1207.378
22 1110.858
24 1273.803
2 7047.248
4 3530.096
6 2391.756
8 1777.164
10 1466.011
12 1415.923
14 1681.831
16 1478.651
18 1326.819
20 1211.663
22 1098.678
24 1157.034
2 7082.613
4 3587.308
6 2411.513
8 1786.803
10 1479.379
12 1346.654
14 1681.380
16 1479.871
18 1324.077
20 1214.120
22 1105.316
24 1046.242
2 7050.522
4 3563.690
6 2457.860
8 1838.298
10 1475.579
12 1242.240
14 1682.547
16 1503.578
18 1327.106
20 1211.098
22 1118.401
24 1025.943
2 7050.336
4 3581.675
6 2389.181
8 1830.950
10 1483.945
12 1330.695
14 1678.555
16 1483.012
18 1327.058
20 1203.094
22 1129.665
24 1026.970
2 7054.694
4 3566.201
6 2425.874
8 1803.882
10 1466.569
12 1228.163
14 1707.485
16 1478.453
18 1328.097
20 1215.531
22 1106.371
24 1033.418
2 7051.500
4 3574.772
6 2387.929
8 1843.861
10 1490.512
12 1286.723
14 1684.706
16 1479.180
18 1325.346
20 1227.837
22 1102.509
24 1072.647
2 7051.458
4 3560.027
6 2428.228
8 1823.496
10 1484.575
12 1387.461
14 1683.503
16 1480.023
18 1327.894
20 1205.592
22 1102.896
24 1023.425
