2 476.698
4 352.695
6 255.368
8 219.628
10 194.490
12 194.741
14 182.398
16 180.897
18 176.703
20 177.944
22 175.720
24 217.846
2 482.112
4 345.944
6 237.840
8 209.531
10 242.787
12 198.166
14 186.050
16 175.357
18 186.500
20 184.364
22 175.063
24 212.965
2 513.348
4 347.023
6 251.682
8 216.010
10 204.191
12 206.357
14 186.867
16 182.755
18 181.338
20 185.264
22 174.789
24 207.923
2 486.344
4 333.751
6 260.455
8 216.724
10 208.787
12 198.079
14 193.142
16 181.792
18 185.736
20 183.293
22 167.538
24 214.741
2 482.401
4 328.064
6 237.197
8 211.252
10 200.433
12 204.364
14 182.221
16 160.480
18 182.223
20 179.974
22 174.062
24 208.452
2 472.306
4 332.626
6 242.286
8 220.675
10 198.553
12 182.666
14 183.890
16 180.360
18 180.392
20 181.342
22 173.500
24 209.142
2 478.404
4 330.152
6 242.441
8 220.023
10 205.915
12 186.448
14 183.843
16 184.227
18 182.407
20 179.505
22 186.737
24 206.853
2 486.767
4 331.726
6 250.641
8 209.793
10 201.543
12 188.353
14 185.645
16 182.003
18 173.264
20 182.608
22 174.773
24 205.383
2 478.202
4 333.096
6 233.525
8 217.172
10 193.911
12 185.729
14 189.541
16 182.239
18 181.771
20 182.920
22 170.458
24 206.622
2 479.529
4 307.015
6 266.291
8 215.163
10 203.113
12 192.536
14 190.097
16 186.138
18 182.663
20 176.411
22 170.074
24 213.551
