2 26767.623
4 26733.056
6 26707.974
8 26790.287
10 26708.853
12 26726.183
14 26718.224
16 26743.978
18 26741.007
20 26698.642
22 26750.887
24 26707.440
2 26725.273
4 26777.512
6 26711.165
8 26717.165
10 26715.453
12 26728.917
14 26712.379
16 26716.062
18 26799.201
20 26727.093
22 26716.919
24 26712.332
2 26731.932
4 26736.327
6 26712.474
8 26705.154
10 26754.548
12 26745.629
14 26759.914
16 26713.811
18 26724.185
20 26699.762
22 26798.136
24 26739.018
2 26713.264
4 26710.537
6 26740.592
8 26756.318
10 26766.493
12 26713.656
14 26724.705
16 26710.111
18 26729.227
20 26744.840
22 26692.765
24 26729.925
2 26725.456
4 26718.485
6 26745.366
8 26712.208
10 26723.548
12 26727.811
14 26733.821
16 26729.140
18 26753.331
20 26762.477
22 26713.632
24 26769.064
2 26747.250
4 26713.676
6 26716.051
8 26710.135
10 26707.497
12 26708.248
14 26707.420
16 26711.053
18 26732.349
20 26863.437
22 26704.926
24 26751.218
2 26712.481
4 26697.450
6 26695.875
8 26738.237
10 26743.505
12 26743.590
14 26702.910
16 26739.991
18 26693.144
20 26733.716
22 26709.059
24 26702.610
2 26704.592
4 26762.766
6 26811.052
8 26712.658
10 26715.849
12 26737.500
14 26708.848
16 26719.382
18 26753.386
20 26735.605
22 26722.139
24 26689.425
2 26767.551
4 26751.939
6 26720.145
8 26743.150
10 26706.132
12 26719.360
14 26706.814
16 26716.702
18 26729.548
20 26705.795
22 26694.970
24 26756.310
2 26724.971
4 26720.761
6 26737.172
8 26696.143
10 26702.040
12 26760.219
14 26812.432
16 26718.059
18 26735.342
20 26787.320
22 26722.910
24 26715.536
