2 1966.518
4 944.271
6 652.114
8 491.468
10 437.910
12 399.593
14 387.457
16 388.089
18 384.568
20 361.445
22 363.250
24 361.126
2 1963.096
4 930.678
6 664.056
8 491.480
10 419.262
12 402.987
14 364.273
16 389.572
18 360.553
20 373.257
22 364.908
24 350.818
2 1994.146
4 967.987
6 621.065
8 491.507
10 419.989
12 398.076
14 393.270
16 359.298
18 446.122
20 366.631
22 361.520
24 376.949
2 1962.621
4 979.259
6 654.657
8 523.521
10 444.822
12 383.761
14 358.483
16 388.576
18 372.188
20 392.030
22 355.613
24 354.929
2 1982.938
4 963.304
6 654.645
8 483.427
10 445.256
12 393.899
14 385.461
16 377.958
18 371.684
20 356.582
22 365.440
24 368.485
2 1988.959
4 958.726
6 626.026
8 492.813
10 413.902
12 395.518
14 364.846
16 369.517
18 383.367
20 380.659
22 362.626
24 367.507
2 1958.446
4 951.318
6 622.731
8 473.135
10 413.510
12 395.390
14 378.828
16 379.410
18 376.324
20 377.311
22 364.352
24 359.294
2 1979.825
4 965.528
6 645.576
8 481.784
10 413.318
12 395.579
14 375.083
16 379.194
18 370.807
20 371.410
22 363.350
24 360.162
2 1963.940
4 951.104
6 624.395
8 487.792
10 409.693
12 407.869
14 386.646
16 351.043
18 364.782
20 351.624
22 367.327
24 348.290
2 1964.437
4 952.833
6 653.757
8 464.224
10 411.659
12 399.874
14 371.311
16 349.272
18 367.543
20 379.870
22 373.388
24 357.718
