2 6.681
4 4.843
6 6.147
8 11.158
10 6.601
12 6.094
14 9.989
16 43.503
18 73.813
20 67.712
22 64.347
24 22.647
2 4.197
4 2.639
6 3.852
8 4.482
10 1.994
12 3.786
14 17.650
16 17.902
18 72.017
20 38.386
22 74.032
24 71.551
2 4.322
4 3.809
6 4.019
8 2.044
10 1.730
12 1.558
14 1.410
16 5.443
18 68.875
20 56.111
22 77.596
24 26.986
2 4.189
4 2.914
6 2.062
8 2.223
10 1.792
12 4.902
14 5.932
16 7.496
18 61.651
20 20.963
22 5.169
24 64.863
2 4.185
4 2.690
6 2.077
8 2.127
10 1.769
12 4.708
14 2.376
16 7.887
18 72.478
20 68.911
22 74.038
24 46.016
2 4.204
4 2.629
6 2.488
8 2.046
10 5.083
12 6.702
14 7.733
16 3.512
18 74.045
20 17.075
22 68.802
24 39.550
2 4.272
4 3.454
6 2.072
8 2.233
10 1.756
12 1.589
14 20.688
16 6.181
18 76.662
20 72.882
22 13.102
24 21.879
2 4.254
4 3.505
6 2.606
8 2.026
10 4.013
12 5.088
14 7.976
16 8.145
18 5.724
20 75.314
22 15.730
24 20.487
2 4.148
4 3.635
6 1.685
8 2.014
10 1.149
12 4.639
14 41.907
16 10.262
18 1.285
20 7.689
22 68.371
24 77.681
2 4.198
4 3.565
6 4.054
8 2.213
10 5.027
12 7.266
14 8.515
16 67.799
18 53.045
20 4.741
22 20.170
24 25.947
