2 6974.482
4 3573.124
6 2606.577
8 1771.113
10 1771.102
12 1518.319
14 1826.862
16 1537.635
18 1495.157
20 1478.822
22 1305.683
24 1264.494
2 6992.446
4 3550.689
6 2720.758
8 1870.439
10 1801.354
12 1597.345
14 1857.883
16 1507.618
18 1498.505
20 1481.130
22 1312.634
24 1347.213
2 6971.349
4 3572.194
6 2648.227
8 1770.709
10 1777.554
12 1471.427
14 1792.631
16 1509.151
18 1506.897
20 1479.997
22 1247.042
24 1502.129
2 6992.305
4 3548.204
6 2608.760
8 1879.883
10 1826.537
12 1786.021
14 1911.589
16 1503.664
18 1491.200
20 1481.653
22 1270.316
24 1268.061
2 6989.167
4 3557.010
6 2573.177
8 1848.762
10 1867.382
12 1711.533
14 1867.782
16 1488.825
18 1514.836
20 1472.089
22 1251.792
24 1377.212
2 6997.561
4 3511.601
6 2646.811
8 1859.010
10 1909.302
12 1491.850
14 1835.125
16 1517.303
18 1507.263
20 1494.319
22 1307.580
24 1293.319
2 7001.340
4 3563.129
6 2694.079
8 1818.329
10 1862.097
12 1837.869
14 1905.505
16 1558.811
18 1511.795
20 1444.176
22 1294.334
24 1387.349
2 7006.851
4 3533.693
6 2583.135
8 1899.974
10 1916.976
12 1716.386
14 1917.324
16 1488.494
18 1477.938
20 1529.745
22 1252.717
24 1496.965
2 6991.434
4 3564.269
6 2565.456
8 1840.713
10 1757.144
12 1784.805
14 1858.374
16 1501.784
18 1513.252
20 1421.893
22 1259.887
24 1429.937
2 7001.918
4 3529.565
6 2533.984
8 1778.330
10 1806.502
12 1578.975
14 1878.722
16 1525.314
18 1488.140
20 1459.213
22 1256.151
24 1362.233
