16 38856.260
32 54641.285
16 38855.995
32 54636.876
16 38854.003
32 54634.966
16 38854.809
32 54645.523
16 38888.315
32 54634.546
16 38897.387
32 54676.183
16 38852.514
32 54645.464
16 38853.246
32 54642.617
16 38855.049
32 54634.829
16 38853.220
32 54633.675
16 8661.676
32 8428.787
16 8659.463
32 8430.757
16 8659.528
32 8429.970
16 8661.433
32 8431.271
16 8666.576
32 8429.944
16 8663.833
32 8440.511
16 8660.855
32 8430.845
16 8660.532
32 8430.166
16 8661.220
32 8452.337
16 8661.229
32 8428.085
16 8646.563
32 8416.172
16 8645.337
32 8405.159
16 8646.380
32 8410.003
16 8674.091
32 8437.240
16 8646.139
32 8408.305
16 8644.737
32 8406.373
16 8643.867
32 8404.858
16 8646.312
32 8410.156
16 8646.974
32 8404.638
16 8639.793
32 8419.538
