2 45.624
4 43.220
6 40.748
8 31.168
10 17.707
12 23.544
14 22.676
16 13.542
18 13.498
20 13.098
22 58.196
24 22.591
2 60.679
4 45.316
6 37.980
8 23.335
10 18.908
12 23.930
14 21.228
16 17.761
18 13.517
20 13.283
22 13.159
24 57.427
2 60.817
4 46.041
6 29.899
8 23.223
10 20.256
12 22.161
14 22.503
16 16.196
18 31.711
20 23.124
22 13.088
24 39.536
2 60.814
4 38.923
6 26.835
8 23.899
10 22.262
12 17.814
14 21.439
16 15.170
18 13.534
20 13.131
22 17.813
24 49.643
2 60.620
4 46.194
6 32.764
8 24.318
10 28.110
12 22.726
14 18.531
16 16.912
18 13.425
20 12.534
22 12.913
24 15.851
2 60.777
4 44.624
6 28.166
8 19.483
10 18.711
12 20.971
14 13.799
16 14.163
18 13.750
20 12.691
22 13.270
24 25.664
2 61.070
4 43.604
6 25.296
8 28.512
10 28.443
12 22.262
14 13.761
16 13.804
18 13.610
20 13.518
22 13.004
24 34.883
2 60.892
4 42.017
6 26.140
8 21.735
10 27.009
12 14.149
14 19.394
16 12.427
18 13.686
20 12.558
22 43.144
24 55.991
2 61.568
4 45.514
6 27.263
8 21.209
10 21.144
12 16.441
14 20.225
16 12.131
18 13.494
20 12.676
22 13.150
24 24.391
2 61.490
4 44.421
6 38.454
8 33.494
10 20.195
12 20.176
14 20.464
16 21.211
18 13.127
20 12.693
22 13.126
24 28.123
