16 1043.911
32 1791.243
16 1046.481
32 1791.313
16 1043.874
32 1790.462
16 1043.932
32 1790.276
16 1043.927
32 1790.329
16 1043.860
32 1790.333
16 1046.431
32 1791.169
16 1046.595
32 1790.307
16 1043.794
32 1791.246
16 1043.816
32 1791.361
16 211.992
32 277.973
16 211.470
32 276.888
16 212.342
32 277.315
16 212.334
32 278.260
16 211.913
32 277.153
16 209.371
32 277.472
16 210.961
32 276.603
16 208.696
32 277.412
16 209.404
32 276.859
16 208.759
32 278.123
16 209.525
32 276.858
16 213.269
32 277.562
16 208.826
32 277.040
16 210.803
32 277.448
16 213.086
32 277.450
16 212.151
32 277.657
16 211.891
32 276.839
16 209.591
32 276.726
16 210.948
32 277.137
16 207.453
32 276.992
