2 41.683
4 32.303
6 26.162
8 23.499
10 29.109
12 26.747
14 49.326
16 38.381
18 50.139
20 29.175
22 12.992
24 48.618
2 41.671
4 32.524
6 25.486
8 27.537
10 27.162
12 20.454
14 14.778
16 11.965
18 14.086
20 26.845
22 12.289
24 17.905
2 41.684
4 33.438
6 27.806
8 20.591
10 19.878
12 15.590
14 21.042
16 11.154
18 87.639
20 105.546
22 150.255
24 67.380
2 41.504
4 33.862
6 30.114
8 17.335
10 20.613
12 16.999
14 12.798
16 15.015
18 14.768
20 12.633
22 77.959
24 95.225
2 43.380
4 33.705
6 30.143
8 20.752
10 21.054
12 26.887
14 12.711
16 12.256
18 12.868
20 20.328
22 12.791
24 22.131
2 41.933
4 32.475
6 27.156
8 21.217
10 22.531
12 19.011
14 19.351
16 14.150
18 14.333
20 14.998
22 32.205
24 28.580
2 41.616
4 34.036
6 37.580
8 20.968
10 18.853
12 27.804
14 14.232
16 21.109
18 14.724
20 14.133
22 18.996
24 17.837
2 41.554
4 33.805
6 24.693
8 20.527
10 22.891
12 13.612
14 18.980
16 13.002
18 12.150
20 15.785
22 16.921
24 46.507
2 41.595
4 34.073
6 39.645
8 28.254
10 21.490
12 15.136
14 15.691
16 16.626
18 13.015
20 15.827
22 30.357
24 38.065
2 41.855
4 22.403
6 24.577
8 20.120
10 19.054
12 18.940
14 19.625
16 16.968
18 13.730
20 13.522
22 28.382
24 19.711
