2 6830.104
4 3449.366
6 2298.372
8 1737.316
10 1536.943
12 1261.879
14 1758.276
16 1435.881
18 1277.513
20 1165.301
22 1058.429
24 1197.349
2 6806.687
4 3446.358
6 2364.264
8 1735.993
10 1572.096
12 1333.803
14 1633.627
16 1435.513
18 1277.372
20 1194.349
22 1054.368
24 972.498
2 6809.072
4 3472.803
6 2316.470
8 1786.383
10 1466.280
12 1347.632
14 1631.175
16 1435.449
18 1277.683
20 1165.296
22 1058.395
24 975.735
2 6800.277
4 3459.881
6 2365.793
8 1710.102
10 1619.190
12 1311.113
14 1630.960
16 1436.309
18 1277.674
20 1226.552
22 1055.259
24 973.001
2 6795.116
4 3434.995
6 2354.640
8 1732.938
10 1570.768
12 1407.111
14 1632.001
16 1437.237
18 1277.885
20 1163.180
22 1089.786
24 972.217
2 6846.334
4 3405.296
6 2416.734
8 1766.712
10 1395.560
12 1225.999
14 1631.485
16 1434.699
18 1277.439
20 1166.158
22 1054.501
24 1034.426
2 6800.361
4 3463.389
6 2317.080
8 1758.677
10 1644.837
12 1584.646
14 1632.370
16 1435.090
18 1281.479
20 1171.016
22 1057.102
24 1225.648
2 6827.272
4 3482.605
6 2296.952
8 1818.263
10 1583.151
12 1527.910
14 1631.054
16 1437.852
18 1281.770
20 1163.939
22 1055.091
24 1206.437
2 6800.646
4 3426.410
6 2287.936
8 1871.641
10 1626.784
12 1457.414
14 1632.118
16 1478.361
18 1278.568
20 1259.082
22 1070.550
24 973.170
2 6835.498
4 3475.512
6 2296.887
8 1726.746
10 1549.703
12 1254.823
14 1669.356
16 1437.538
18 1278.077
20 1172.826
22 1068.246
24 982.929
