2 19987.042
4 9802.901
6 6638.367
8 5193.551
10 4399.103
12 3887.244
14 3763.472
16 3616.901
18 3578.520
20 3804.577
22 3601.168
24 3252.274
2 19868.291
4 9758.414
6 6597.878
8 5223.372
10 4329.856
12 3855.304
14 3714.376
16 3589.766
18 3495.870
20 3489.244
22 3277.231
24 3630.225
2 19463.667
4 9655.084
6 6660.943
8 5160.571
10 4364.631
12 4019.826
14 3749.833
16 3619.845
18 3837.948
20 3459.540
22 3697.971
24 3201.233
2 19743.189
4 9754.854
6 6645.340
8 5153.746
10 4337.957
12 3842.178
14 3741.567
16 3594.563
18 3485.776
20 3794.387
22 3640.453
24 3215.858
2 19915.738
4 9760.636
6 6581.803
8 5167.717
10 4328.127
12 3856.040
14 3708.213
16 3800.491
18 3467.839
20 3792.383
22 3298.955
24 3179.258
2 19946.770
4 9765.864
6 6644.682
8 5178.696
10 4313.312
12 3802.861
14 3944.251
16 3850.585
18 3493.663
20 3681.210
22 3562.296
24 3554.547
2 19603.650
4 9681.736
6 6580.486
8 5235.426
10 4404.290
12 3978.255
14 3866.252
16 3648.474
18 3513.355
20 3386.044
22 3327.018
24 3207.072
2 19540.826
4 9822.832
6 6606.542
8 5157.268
10 4443.946
12 3981.512
14 3972.277
16 3591.337
18 3794.632
20 3709.046
22 3279.061
24 3208.725
2 19521.784
4 9673.450
6 6648.737
8 5120.251
10 4318.039
12 3860.953
14 3920.074
16 3851.732
18 3490.812
20 3633.959
22 3598.358
24 3268.491
2 19647.649
4 9772.190
6 6674.734
8 5249.312
10 4322.882
12 3999.766
14 3745.193
16 3750.735
18 3511.531
20 3401.823
22 3567.567
24 3554.521
