16 3885.607
32 5473.362
16 3885.689
32 5463.385
16 3885.740
32 5463.287
16 3885.589
32 5463.135
16 3885.567
32 5463.294
16 3885.605
32 5463.589
16 3885.593
32 5463.505
16 3885.672
32 5463.441
16 3885.632
32 5463.637
16 3885.313
32 5463.546
16 866.059
32 840.676
16 864.898
32 840.915
16 864.831
32 840.829
16 865.039
32 842.938
16 864.883
32 842.207
16 866.186
32 842.459
16 865.961
32 840.882
16 865.868
32 840.716
16 864.854
32 841.369
16 865.062
32 842.047
16 864.840
32 841.009
16 864.962
32 840.410
16 880.951
32 841.619
16 864.900
32 840.797
16 864.917
32 863.374
16 864.935
32 840.786
16 865.538
32 841.151
16 865.175
32 841.200
16 864.811
32 840.997
16 864.911
32 843.307
