2 1240.520
4 625.709
6 454.107
8 369.025
10 322.145
12 303.900
14 306.275
16 312.471
18 306.660
20 303.767
22 306.222
24 402.096
2 1124.942
4 631.230
6 452.073
8 359.998
10 318.982
12 302.795
14 305.224
16 311.548
18 306.506
20 301.806
22 308.211
24 408.287
2 1150.672
4 632.837
6 450.678
8 369.875
10 324.677
12 304.301
14 305.272
16 312.993
18 308.897
20 307.996
22 304.432
24 479.204
2 1226.029
4 631.528
6 453.180
8 361.991
10 324.608
12 302.122
14 306.237
16 355.049
18 307.790
20 305.357
22 305.948
24 304.846
2 1241.407
4 632.420
6 441.875
8 371.260
10 316.338
12 311.635
14 308.196
16 311.412
18 308.327
20 303.345
22 299.335
24 306.739
2 1226.805
4 620.719
6 457.402
8 361.794
10 320.855
12 305.671
14 306.006
16 311.811
18 307.437
20 306.159
22 304.424
24 311.402
2 1223.090
4 528.746
6 450.444
8 367.963
10 328.575
12 302.179
14 303.577
16 313.465
18 308.618
20 307.855
22 301.492
24 315.468
2 1219.770
4 630.648
6 442.426
8 367.463
10 320.252
12 308.925
14 307.668
16 311.929
18 305.924
20 302.824
22 306.568
24 306.358
2 1213.890
4 636.748
6 457.908
8 363.975
10 323.387
12 301.713
14 304.575
16 313.265
18 306.803
20 305.401
22 305.886
24 307.731
2 1237.856
4 672.395
6 450.151
8 360.128
10 318.531
12 301.775
14 305.270
16 312.342
18 308.709
20 304.198
22 305.220
24 306.379
