2 136.594
4 66.356
6 50.483
8 39.689
10 32.643
12 30.724
14 30.880
16 31.823
18 31.346
20 30.738
22 31.431
24 47.025
2 125.210
4 75.548
6 57.815
8 47.442
10 33.424
12 32.370
14 31.095
16 31.610
18 31.358
20 30.853
22 31.274
24 50.137
2 134.949
4 68.857
6 51.863
8 39.991
10 38.382
12 31.321
14 31.067
16 31.482
18 31.321
20 31.142
22 31.283
24 33.735
2 120.898
4 77.745
6 52.224
8 45.841
10 32.320
12 32.725
14 31.033
16 31.564
18 31.428
20 30.890
22 30.954
24 62.985
2 123.132
4 74.448
6 47.804
8 44.023
10 34.478
12 33.611
14 31.385
16 31.614
18 31.179
20 31.025
22 30.770
24 31.502
2 134.469
4 80.720
6 51.455
8 37.257
10 39.111
12 30.838
14 30.868
16 31.643
18 31.196
20 30.966
22 30.902
24 31.133
2 122.313
4 74.364
6 51.816
8 38.551
10 31.779
12 30.506
14 30.975
16 31.524
18 31.181
20 31.095
22 31.260
24 34.325
2 121.691
4 78.159
6 57.519
8 42.106
10 39.370
12 30.866
14 31.059
16 32.015
18 31.260
20 31.293
22 31.046
24 53.794
2 120.871
4 72.792
6 51.863
8 37.436
10 40.167
12 30.681
14 31.010
16 31.793
18 31.108
20 31.307
22 31.511
24 33.929
2 121.040
4 75.455
6 56.885
8 40.952
10 32.031
12 31.022
14 36.153
16 31.482
18 31.336
20 30.993
22 31.220
24 33.246
