2 114389.589
4 57417.572
6 38512.214
8 28864.532
10 23643.856
12 20316.962
14 25910.345
16 23558.064
18 21009.171
20 18962.138
22 17264.793
24 16485.738
2 114350.939
4 57513.739
6 38361.421
8 28813.181
10 25483.444
12 25995.838
14 25881.545
16 23599.193
18 20946.890
20 18971.707
22 17336.517
24 16510.587
2 114454.330
4 57513.928
6 38340.312
8 28986.005
10 23347.834
12 20236.352
14 25848.100
16 23574.490
18 20968.148
20 18933.731
22 17321.601
24 16460.896
2 114533.618
4 57496.929
6 38337.372
8 28872.018
10 23435.633
12 21788.197
14 25885.473
16 23559.705
18 20930.871
20 18926.035
22 17245.824
24 16522.355
2 114573.003
4 57411.997
6 38472.589
8 28951.650
10 23219.693
12 21951.492
14 25873.709
16 23526.590
18 20967.556
20 18910.428
22 17272.088
24 16427.535
2 114510.000
4 57561.991
6 38431.319
8 28913.371
10 23221.524
12 21296.077
14 25873.000
16 23525.124
18 20969.906
20 18933.854
22 17326.315
24 16474.466
2 114515.877
4 57516.452
6 38382.483
8 28798.699
10 23389.467
12 21618.301
14 25909.467
16 23548.541
18 20950.110
20 18935.249
22 17273.563
24 16531.995
2 114216.950
4 57488.484
6 38436.336
8 28849.627
10 23447.684
12 20720.765
14 25833.961
16 23551.261
18 21029.051
20 18939.418
22 17291.426
24 16657.618
2 114614.774
4 57511.863
6 38360.021
8 28951.438
10 23266.262
12 22207.549
14 25930.643
16 23540.873
18 20983.113
20 18963.280
22 17283.113
24 16508.925
2 114431.045
4 57474.051
6 38438.807
8 28983.044
10 24320.948
12 20870.256
14 25791.095
16 23596.048
18 20964.204
20 18952.561
22 17225.948
24 16613.761
