2 156.188
4 87.550
6 64.768
8 63.001
10 58.932
12 39.871
14 48.796
16 38.697
18 35.464
20 38.682
22 32.863
24 35.255
2 149.672
4 88.853
6 44.641
8 56.561
10 42.921
12 37.609
14 48.561
16 31.633
18 30.935
20 29.751
22 32.805
24 34.973
2 155.270
4 92.683
6 66.170
8 53.008
10 29.730
12 54.960
14 51.770
16 44.019
18 40.404
20 36.366
22 32.528
24 33.836
2 149.759
4 89.587
6 65.170
8 58.287
10 66.642
12 40.255
14 41.712
16 31.393
18 39.955
20 32.510
22 36.359
24 35.091
2 148.893
4 72.237
6 55.587
8 41.249
10 39.536
12 58.742
14 45.941
16 46.477
18 40.372
20 39.469
22 36.478
24 29.107
2 149.922
4 88.076
6 52.538
8 34.949
10 63.467
12 49.496
14 49.198
16 43.685
18 40.614
20 39.411
22 33.119
24 30.287
2 154.577
4 74.396
6 64.328
8 67.195
10 40.573
12 58.864
14 48.658
16 46.423
18 41.998
20 37.566
22 27.634
24 31.853
2 155.395
4 87.385
6 44.698
8 65.233
10 57.119
12 52.733
14 38.410
16 33.424
18 39.762
20 38.948
22 36.687
24 40.189
2 131.781
4 89.175
6 63.215
8 65.557
10 65.145
12 31.215
14 34.175
16 46.894
18 30.830
20 39.614
22 36.579
24 43.425
2 149.061
4 72.190
6 66.368
8 34.866
10 29.431
12 39.852
14 48.383
16 33.891
18 35.370
20 35.916
22 31.354
24 71.438
