2 12.348
4 5.910
6 4.024
8 2.582
10 1.747
12 1.559
14 2.114
16 1.936
18 1.918
20 1.995
22 1.710
24 1.468
2 7.332
4 4.084
6 2.672
8 2.165
10 1.743
12 2.371
14 2.094
16 2.245
18 2.728
20 2.116
22 1.702
24 1.456
2 9.408
4 4.110
6 2.687
8 3.411
10 2.780
12 1.789
14 2.289
16 1.952
18 1.766
20 1.680
22 1.534
24 1.466
2 7.651
4 3.842
6 3.742
8 2.711
10 2.380
12 2.404
14 2.137
16 1.947
18 1.769
20 1.636
22 1.551
24 10.715
2 7.322
4 6.461
6 4.656
8 3.347
10 2.390
12 2.403
14 3.438
16 2.719
18 2.011
20 1.656
22 1.596
24 1.455
2 12.534
4 6.166
6 4.273
8 2.877
10 2.817
12 2.920
14 2.601
16 2.348
18 1.750
20 1.638
22 1.552
24 7.609
2 7.311
4 6.624
6 4.268
8 3.092
10 2.327
12 2.255
14 2.701
16 2.030
18 1.756
20 1.637
22 1.558
24 1.468
2 12.386
4 6.548
6 3.136
8 2.094
10 2.775
12 2.224
14 2.381
16 1.933
18 1.762
20 1.654
22 1.545
24 1.455
2 8.841
4 5.173
6 4.004
8 3.267
10 2.913
12 2.231
14 2.562
16 1.927
18 1.763
20 1.642
22 1.543
24 1.463
2 8.059
4 5.632
6 2.842
8 2.181
10 1.744
12 2.344
14 2.251
16 1.926
18 1.823
20 1.656
22 1.549
24 1.459
