2 95.931
4 102.988
6 99.052
8 85.821
10 103.451
12 85.738
14 85.481
16 86.029
18 104.000
20 82.727
22 85.988
24 97.492
2 82.698
4 85.879
6 106.109
8 82.715
10 103.539
12 86.138
14 105.205
16 103.734
18 103.817
20 83.334
22 103.890
24 85.614
2 82.678
4 85.506
6 105.720
8 82.693
10 103.198
12 100.439
14 106.501
16 106.398
18 104.052
20 86.025
22 103.197
24 105.656
2 107.910
4 88.939
6 82.594
8 102.967
10 103.100
12 84.584
14 103.159
16 98.593
18 85.275
20 103.537
22 82.641
24 105.486
2 103.010
4 104.966
6 103.365
8 104.771
10 99.978
12 86.477
14 105.835
16 98.484
18 105.126
20 104.621
22 105.396
24 103.906
2 99.257
4 102.430
6 82.840
8 82.810
10 85.966
12 103.998
14 102.428
16 102.966
18 82.641
20 99.677
22 99.200
24 99.501
2 105.899
4 104.129
6 103.523
8 83.606
10 106.274
12 102.661
14 102.904
16 103.104
18 82.795
20 107.021
22 103.749
24 103.445
2 103.200
4 82.838
6 104.634
8 103.791
10 105.205
12 104.357
14 103.437
16 105.940
18 104.019
20 83.011
22 104.267
24 103.439
2 105.373
4 103.507
6 85.397
8 103.508
10 102.793
12 104.436
14 106.301
16 104.093
18 104.192
20 105.374
22 105.265
24 98.444
2 105.285
4 99.895
6 103.670
8 105.778
10 98.769
12 84.947
14 105.711
16 102.526
18 86.558
20 98.741
22 104.818
24 85.014
