2 19.590
4 19.534
6 19.607
8 19.559
10 19.829
12 19.335
14 19.490
16 19.417
18 19.406
20 19.598
22 19.587
24 19.596
2 19.540
4 19.526
6 19.590
8 19.554
10 19.575
12 19.513
14 19.493
16 19.552
18 19.452
20 19.473
22 19.357
24 19.554
2 19.639
4 19.578
6 19.537
8 19.535
10 19.488
12 19.556
14 19.627
16 19.567
18 19.526
20 19.561
22 19.591
24 19.550
2 19.569
4 19.499
6 19.535
8 19.566
10 19.582
12 19.536
14 19.493
16 19.492
18 19.557
20 19.688
22 19.593
24 19.541
2 19.541
4 19.603
6 19.538
8 22.058
10 19.597
12 19.586
14 19.504
16 19.557
18 19.496
20 19.533
22 19.588
24 19.557
2 19.534
4 19.530
6 19.538
8 19.565
10 19.527
12 19.348
14 19.576
16 19.578
18 19.596
20 19.341
22 19.551
24 19.504
2 19.353
4 19.565
6 19.513
8 19.531
10 19.489
12 19.638
14 19.548
16 19.574
18 19.461
20 19.563
22 19.581
24 19.292
2 19.553
4 19.312
6 19.477
8 19.595
10 19.538
12 19.569
14 19.510
16 19.579
18 19.551
20 19.490
22 19.583
24 19.541
2 19.568
4 19.554
6 19.581
8 19.602
10 19.354
12 19.471
14 19.372
16 19.331
18 19.544
20 19.565
22 19.550
24 19.402
2 19.510
4 19.554
6 19.573
8 19.509
10 19.551
12 19.535
14 19.487
16 19.551
18 19.581
20 19.486
22 19.563
24 19.571
