2 507.546
4 510.515
6 517.410
8 517.683
10 522.097
12 499.771
14 500.664
16 501.875
18 500.730
20 515.865
22 516.665
24 522.278
2 521.226
4 500.266
6 520.445
8 500.599
10 500.392
12 520.638
14 504.770
16 517.388
18 516.443
20 518.475
22 501.038
24 523.707
2 501.027
4 502.586
6 518.935
8 511.841
10 502.141
12 517.982
14 521.377
16 514.035
18 500.131
20 518.752
22 500.694
24 513.638
2 510.500
4 499.487
6 519.918
8 519.720
10 518.288
12 524.262
14 513.653
16 500.471
18 517.535
20 503.982
22 500.701
24 516.406
2 513.842
4 500.132
6 500.367
8 503.710
10 501.051
12 512.893
14 506.924
16 500.974
18 519.901
20 517.065
22 520.658
24 522.118
2 522.721
4 512.700
6 500.371
8 513.006
10 501.945
12 512.790
14 516.519
16 513.766
18 517.851
20 521.501
22 516.338
24 516.693
2 517.507
4 516.635
6 499.860
8 521.771
10 518.801
12 518.115
14 522.358
16 520.719
18 503.070
20 504.790
22 500.248
24 500.682
2 517.043
4 503.078
6 517.670
8 500.574
10 504.166
12 516.744
14 500.545
16 500.846
18 504.827
20 520.788
22 517.504
24 518.569
2 518.737
4 521.328
6 519.767
8 521.780
10 500.496
12 514.349
14 516.837
16 522.103
18 521.335
20 522.302
22 521.218
24 522.741
2 510.594
4 501.223
6 500.332
8 499.797
10 500.665
12 511.304
14 500.545
16 516.588
18 525.154
20 521.959
22 513.473
24 520.584
