2 11.971
4 11.801
6 12.068
8 12.141
10 11.849
12 11.880
14 11.955
16 11.637
18 12.100
20 11.900
22 11.906
24 11.859
2 11.639
4 11.578
6 11.938
8 11.577
10 11.874
12 11.897
14 11.886
16 11.889
18 11.952
20 11.889
22 11.646
24 11.885
2 11.498
4 11.857
6 11.919
8 11.846
10 11.984
12 11.843
14 11.602
16 11.588
18 11.873
20 11.596
22 11.846
24 11.584
2 11.837
4 11.885
6 11.611
8 11.902
10 11.880
12 11.539
14 11.864
16 11.859
18 11.875
20 11.875
22 11.884
24 11.819
2 11.890
4 11.799
6 11.633
8 11.944
10 11.940
12 11.670
14 11.970
16 11.926
18 11.892
20 11.888
22 11.903
24 11.865
2 11.830
4 11.944
6 11.863
8 12.090
10 11.968
12 11.900
14 11.857
16 11.913
18 11.881
20 11.847
22 11.657
24 11.544
2 11.969
4 11.837
6 11.854
8 12.083
10 11.571
12 11.857
14 11.873
16 11.962
18 11.888
20 11.840
22 11.945
24 11.961
2 11.847
4 11.842
6 11.614
8 11.863
10 11.868
12 11.878
14 11.904
16 11.885
18 11.612
20 11.913
22 11.858
24 11.584
2 11.854
4 11.985
6 11.893
8 11.899
10 11.881
12 11.862
14 11.975
16 11.803
18 11.917
20 11.933
22 11.558
24 11.887
2 11.905
4 11.872
6 11.828
8 11.914
10 11.646
12 11.913
14 11.918
16 11.884
18 11.880
20 11.699
22 11.850
24 11.904
