2 10449.580
4 5237.696
6 3599.254
8 2821.544
10 2355.900
12 2073.880
14 1995.569
16 1923.183
18 1864.836
20 1820.085
22 1784.229
24 1963.718
2 10511.544
4 5237.936
6 3622.186
8 2841.079
10 2356.147
12 2078.823
14 1985.124
16 1928.526
18 1859.586
20 1808.964
22 1786.330
24 1775.635
2 10660.927
4 5248.627
6 3610.131
8 2820.452
10 2352.957
12 2066.371
14 1991.308
16 1917.598
18 1860.333
20 1819.807
22 1781.066
24 1777.360
2 10584.319
4 5316.108
6 3632.759
8 2821.843
10 2360.695
12 2071.438
14 1977.906
16 1921.774
18 1866.887
20 1815.017
22 1794.651
24 1971.083
2 10693.514
4 5222.880
6 3629.016
8 2843.482
10 2361.309
12 2080.200
14 1988.825
16 1930.704
18 1853.780
20 1815.317
22 1777.457
24 1767.369
2 10700.399
4 5282.567
6 3614.877
8 2850.210
10 2367.307
12 2081.321
14 1998.617
16 1911.057
18 1857.896
20 1809.600
22 1797.417
24 1770.194
2 10693.104
4 5132.514
6 3595.401
8 2816.287
10 2352.912
12 2090.676
14 1978.843
16 1919.432
18 1860.291
20 1816.367
22 1790.224
24 1975.062
2 10548.418
4 5237.248
6 3602.694
8 2824.000
10 2351.801
12 2074.573
14 1993.489
16 1925.558
18 1851.467
20 1812.731
22 1785.959
24 1779.736
2 10614.215
4 5247.155
6 3637.445
8 2816.414
10 2356.356
12 2069.918
14 2000.449
16 1921.655
18 1868.290
20 1823.836
22 1783.240
24 1772.813
2 10669.644
4 5245.520
6 3621.488
8 2815.307
10 2359.411
12 2077.134
14 1992.139
16 1925.232
18 1867.118
20 1812.738
22 1789.196
24 1961.813
