2 109773.606
4 55063.832
6 36835.320
8 27582.579
10 22453.032
12 19983.094
14 25465.154
16 23040.913
18 20583.935
20 18534.678
22 16946.938
24 16066.690
2 109836.061
4 55098.482
6 36881.701
8 27832.941
10 27137.477
12 19633.033
14 25454.692
16 23044.270
18 20580.795
20 18539.557
22 16903.046
24 16256.835
2 109971.213
4 54998.061
6 36808.008
8 27625.827
10 22556.011
12 19667.724
14 25472.987
16 23043.239
18 20604.282
20 18498.445
22 16904.195
24 16089.195
2 109889.394
4 55058.344
6 36758.333
8 27600.999
10 25102.597
12 20013.122
14 25409.619
16 23074.890
18 20615.258
20 18552.201
22 16911.326
24 16046.432
2 110073.953
4 55032.313
6 36718.012
8 27650.138
10 22218.587
12 19290.337
14 25447.906
16 23064.614
18 20603.354
20 18591.032
22 16889.421
24 16291.810
2 109756.910
4 55081.448
6 36682.501
8 27694.278
10 22916.204
12 19749.510
14 25484.605
16 23072.062
18 20617.414
20 18544.986
22 16885.012
24 16076.061
2 109823.628
4 54918.141
6 36743.342
8 27580.937
10 22482.321
12 19629.927
14 25488.550
16 23032.087
18 20575.047
20 18508.517
22 16924.004
24 16185.374
2 109845.456
4 55061.046
6 36798.310
8 27671.744
10 23673.654
12 19201.241
14 25450.393
16 23052.524
18 20565.356
20 18556.908
22 16901.677
24 16056.173
2 109692.621
4 54937.126
6 36754.004
8 27543.017
10 22107.894
12 19175.433
14 25436.747
16 23049.504
18 20594.129
20 18502.002
22 16919.213
24 16032.418
2 110027.219
4 55034.512
6 36740.030
8 27658.525
10 24383.896
12 19130.188
14 25392.321
16 23036.984
18 20584.847
20 18549.460
22 16913.177
24 16066.400
