2 17.711
4 13.856
6 10.068
8 8.288
10 10.304
12 9.793
14 9.492
16 9.163
18 8.990
20 8.899
22 8.818
24 8.830
2 19.850
4 13.102
6 10.861
8 10.840
10 7.758
12 6.464
14 8.888
16 9.077
18 9.009
20 8.884
22 8.847
24 8.811
2 12.176
4 10.007
6 10.327
8 10.043
10 7.703
12 7.135
14 8.881
16 8.733
18 8.990
20 8.952
22 8.802
24 8.805
2 12.161
4 11.212
6 10.245
8 7.387
10 6.658
12 7.462
14 8.950
16 9.913
18 8.980
20 8.924
22 8.875
24 8.814
2 14.727
4 12.240
6 9.711
8 10.880
10 8.484
12 7.848
14 9.311
16 9.163
18 8.935
20 8.919
22 8.803
24 11.031
2 12.182
4 9.991
6 10.716
8 9.307
10 8.826
12 6.787
14 8.798
16 9.091
18 8.506
20 8.920
22 8.786
24 11.090
2 17.060
4 11.222
6 8.284
8 8.982
10 7.720
12 6.448
14 8.807
16 9.164
18 9.007
20 8.898
22 8.797
24 8.791
2 12.880
4 11.821
6 10.241
8 7.896
10 8.995
12 8.494
14 9.651
16 9.111
18 9.046
20 8.860
22 8.771
24 8.778
2 12.533
4 12.707
6 9.206
8 10.253
10 8.415
12 9.146
14 8.824
16 11.583
18 9.874
20 8.907
22 8.805
24 19.857
2 12.341
4 8.706
6 8.786
8 8.485
10 9.829
12 9.152
14 9.340
16 9.856
18 8.982
20 8.940
22 8.797
24 8.811
