2 236945.772
4 236945.772
6 236945.772
8 236945.772
10 236945.772
12 236945.772
14 236945.772
16 236945.772
18 236945.772
20 236945.772
22 236945.772
24 236945.772
2 236731.869
4 236731.869
6 236731.869
8 236731.869
10 236731.869
12 236731.869
14 236731.869
16 236731.869
18 236731.869
20 236731.869
22 236731.869
24 236731.869
2 236745.127
4 236745.127
6 236745.127
8 236745.127
10 236745.127
12 236745.127
14 236745.127
16 236745.127
18 236745.127
20 236745.127
22 236745.127
24 236745.127
2 236953.391
4 236953.391
6 236953.391
8 236953.391
10 236953.391
12 236953.391
14 236953.391
16 236953.391
18 236953.391
20 236953.391
22 236953.391
24 236953.391
2 236780.010
4 236780.010
6 236780.010
8 236780.010
10 236780.010
12 236780.010
14 236780.010
16 236780.010
18 236780.010
20 236780.010
22 236780.010
24 236780.010
2 236960.542
4 236960.542
6 236960.542
8 236960.542
10 236960.542
12 236960.542
14 236960.542
16 236960.542
18 236960.542
20 236960.542
22 236960.542
24 236960.542
2 236757.438
4 236757.438
6 236757.438
8 236757.438
10 236757.438
12 236757.438
14 236757.438
16 236757.438
18 236757.438
20 236757.438
22 236757.438
24 236757.438
2 236786.945
4 236786.945
6 236786.945
8 236786.945
10 236786.945
12 236786.945
14 236786.945
16 236786.945
18 236786.945
20 236786.945
22 236786.945
24 236786.945
2 236712.582
4 236712.582
6 236712.582
8 236712.582
10 236712.582
12 236712.582
14 236712.582
16 236712.582
18 236712.582
20 236712.582
22 236712.582
24 236712.582
2 236863.479
4 236863.479
6 236863.479
8 236863.479
10 236863.479
12 236863.479
14 236863.479
16 236863.479
18 236863.479
20 236863.479
22 236863.479
24 236863.479
