2 1490.624
4 1471.143
6 1469.212
8 1490.819
10 1492.550
12 1481.792
14 1485.632
16 1495.043
18 1468.984
20 1469.107
22 1472.927
24 1469.315
2 1468.870
4 1487.467
6 1487.749
8 1469.141
10 1505.130
12 1493.267
14 1469.967
16 1492.690
18 1484.401
20 1477.380
22 1473.230
24 1466.936
2 1482.677
4 1486.440
6 1484.260
8 1473.577
10 1484.583
12 1481.397
14 1487.839
16 1483.884
18 1468.179
20 1490.606
22 1481.471
24 1467.760
2 1482.959
4 1486.086
6 1466.732
8 1489.321
10 1493.859
12 1503.211
14 1495.724
16 1486.350
18 1467.016
20 1470.147
22 1485.036
24 1471.523
2 1484.082
4 1467.416
6 1487.830
8 1483.429
10 1467.209
12 1488.559
14 1468.506
16 1503.864
18 1484.392
20 1470.710
22 1487.673
24 1485.202
2 1483.933
4 1468.074
6 1482.302
8 1470.962
10 1484.072
12 1468.481
14 1468.287
16 1486.539
18 1469.272
20 1483.255
22 1478.469
24 1487.671
2 1498.996
4 1490.174
6 1483.255
8 1484.526
10 1484.351
12 1489.887
14 1470.008
16 1487.672
18 1494.534
20 1486.655
22 1483.986
24 1489.781
2 1483.029
4 1485.819
6 1486.085
8 1492.266
10 1493.222
12 1483.107
14 1485.353
16 1484.498
18 1484.767
20 1469.836
22 1468.093
24 1483.252
2 1487.100
4 1473.020
6 1484.674
8 1474.211
10 1474.623
12 1486.260
14 1469.811
16 1470.345
18 1469.546
20 1483.503
22 1477.320
24 1469.108
2 1466.882
4 1493.344
6 1489.187
8 1483.670
10 1484.631
12 1493.066
14 1485.783
16 1486.158
18 1478.682
20 1468.773
22 1486.808
24 1468.065
