2 185.524
4 104.674
6 77.668
8 56.120
10 57.735
12 51.661
14 45.061
16 47.224
18 49.254
20 48.968
22 50.033
24 52.348
2 184.779
4 105.700
6 70.684
8 57.087
10 46.498
12 46.810
14 47.909
16 49.945
18 45.236
20 49.772
22 49.969
24 49.864
2 187.144
4 104.846
6 63.755
8 63.234
10 51.187
12 50.766
14 47.600
16 46.794
18 48.048
20 47.068
22 49.150
24 48.904
2 184.512
4 88.211
6 73.071
8 52.904
10 61.136
12 49.577
14 53.350
16 48.545
18 48.353
20 50.341
22 49.480
24 52.008
2 187.636
4 104.877
6 64.328
8 62.730
10 61.233
12 46.125
14 46.305
16 45.696
18 49.048
20 47.959
22 49.085
24 102.096
2 187.059
4 104.724
6 74.710
8 56.538
10 59.444
12 56.173
14 47.652
16 46.390
18 48.125
20 47.151
22 50.370
24 50.311
2 187.511
4 96.788
6 74.511
8 58.828
10 49.120
12 45.902
14 50.946
16 46.026
18 46.913
20 45.701
22 49.582
24 59.328
2 186.467
4 105.465
6 71.441
8 57.879
10 53.249
12 43.728
14 46.548
16 46.809
18 45.608
20 47.380
22 47.877
24 49.985
2 186.980
4 96.841
6 64.454
8 63.914
10 49.315
12 47.642
14 54.942
16 41.981
18 48.361
20 49.265
22 49.881
24 49.993
2 185.156
4 104.536
6 77.688
8 51.716
10 55.389
12 46.940
14 46.607
16 45.730
18 48.572
20 47.155
22 49.723
24 53.332
