2 12168.414
4 6297.144
6 4437.035
8 3603.460
10 3197.951
12 3018.185
14 3060.600
16 3132.604
18 3063.000
20 3061.843
22 3060.653
24 3241.172
2 12266.827
4 6349.415
6 4399.123
8 3607.101
10 3203.484
12 3034.016
14 3085.428
16 3088.803
18 3064.929
20 3052.789
22 3029.280
24 3256.339
2 12327.597
4 6278.598
6 4427.999
8 3592.250
10 3188.868
12 3014.954
14 3066.725
16 3126.052
18 3070.878
20 3077.248
22 3038.870
24 3245.814
2 12311.601
4 6296.104
6 4419.096
8 3596.532
10 3195.987
12 3015.249
14 3058.226
16 3133.745
18 3070.508
20 3060.297
22 3062.458
24 3230.361
2 12223.163
4 6255.964
6 4419.202
8 3609.552
10 3193.088
12 3031.248
14 3063.521
16 3147.784
18 3105.604
20 3033.204
22 3025.496
24 3046.806
2 12404.005
4 6315.917
6 4428.738
8 3622.165
10 3204.020
12 3033.527
14 3074.663
16 3142.636
18 3079.304
20 3048.212
22 3062.571
24 3121.477
2 12269.752
4 6292.884
6 4409.834
8 3584.789
10 3203.825
12 3047.204
14 3079.719
16 3118.895
18 3034.767
20 3050.665
22 3065.614
24 3091.065
2 12274.560
4 6282.761
6 4446.479
8 3610.390
10 3207.249
12 3027.554
14 3068.440
16 3114.967
18 3107.262
20 3032.423
22 3087.400
24 3048.828
2 12402.893
4 6330.424
6 4401.505
8 3591.407
10 3183.526
12 3033.746
14 3067.950
16 3139.699
18 3061.098
20 3062.362
22 3051.733
24 3076.050
2 12183.297
4 6275.373
6 4448.735
8 3596.473
10 3217.450
12 3037.725
14 3055.090
16 3133.185
18 3081.675
20 3033.301
22 3060.305
24 3260.421
