2 1152.771
4 579.322
6 370.103
8 277.299
10 349.029
12 316.720
14 270.151
16 241.677
18 228.492
20 189.043
22 176.308
24 159.950
2 1363.244
4 580.352
6 394.529
8 426.977
10 362.624
12 307.145
14 285.971
16 250.351
18 218.365
20 186.065
22 175.221
24 173.521
2 1131.356
4 644.303
6 369.439
8 348.553
10 377.587
12 290.164
14 253.877
16 231.760
18 215.791
20 205.112
22 173.806
24 184.068
2 1124.754
4 567.680
6 406.169
8 350.254
10 235.122
12 212.391
14 291.248
16 237.586
18 217.464
20 217.780
22 178.429
24 173.072
2 1125.535
4 614.293
6 390.607
8 369.891
10 346.203
12 292.547
14 257.712
16 258.734
18 212.073
20 195.320
22 197.734
24 169.924
2 1362.990
4 578.746
6 389.635
8 313.571
10 388.214
12 332.220
14 273.131
16 258.914
18 208.221
20 198.931
22 193.623
24 163.589
2 1124.121
4 578.215
6 411.954
8 306.567
10 369.851
12 307.046
14 284.928
16 246.056
18 226.456
20 214.711
22 181.585
24 165.998
2 1127.880
4 579.822
6 415.864
8 291.350
10 370.731
12 295.516
14 270.565
16 231.369
18 216.865
20 205.847
22 177.869
24 159.539
2 1363.888
4 626.683
6 391.452
8 368.404
10 229.538
12 327.428
14 279.265
16 252.103
18 209.923
20 214.353
22 199.199
24 183.858
2 1126.518
4 552.426
6 385.571
8 369.561
10 378.552
12 292.471
14 284.305
16 237.592
18 229.608
20 185.831
22 190.763
24 168.131
