2 9134.464
4 4467.511
6 2999.465
8 2373.202
10 2016.211
12 1873.782
14 1761.568
16 1710.885
18 1688.133
20 1598.761
22 1558.816
24 1572.753
2 9120.397
4 4497.454
6 3036.307
8 2368.943
10 2025.224
12 1879.534
14 1777.335
16 1721.551
18 1692.588
20 1576.195
22 1558.937
24 1778.144
2 9076.831
4 4483.228
6 3048.644
8 2367.696
10 2058.673
12 1816.449
14 1914.461
16 1754.869
18 1679.450
20 1582.428
22 1680.519
24 1590.848
2 9140.458
4 4379.778
6 3029.854
8 2362.997
10 2032.560
12 1838.150
14 1773.589
16 1718.079
18 1686.463
20 1571.069
22 1601.133
24 1552.205
2 9084.963
4 4339.747
6 3018.234
8 2360.365
10 2041.715
12 1847.703
14 1766.400
16 1729.184
18 1709.884
20 1572.274
22 1550.444
24 1805.010
2 9139.268
4 4452.960
6 3074.488
8 2376.489
10 2041.110
12 1871.117
14 1768.074
16 1710.669
18 1679.118
20 1580.005
22 1563.765
24 1556.014
2 9105.024
4 4489.890
6 2986.673
8 2356.021
10 2030.279
12 1854.764
14 1764.622
16 1723.866
18 1691.532
20 1570.375
22 1571.675
24 1747.860
2 9037.511
4 4476.255
6 3037.819
8 2401.353
10 2041.940
12 1824.684
14 1874.796
16 1723.228
18 1692.679
20 1579.458
22 1560.333
24 1554.009
2 9074.893
4 4348.688
6 3073.310
8 2364.715
10 2021.454
12 1779.441
14 1763.741
16 1711.760
18 1694.948
20 1604.420
22 1588.992
24 1543.888
2 9166.768
4 4423.869
6 3024.406
8 2357.165
10 2015.217
12 1807.664
14 1793.471
16 1719.210
18 1691.758
20 1599.877
22 1543.150
24 1757.338
