2 94.897
4 49.227
6 38.770
8 29.663
10 21.517
12 14.655
14 17.068
16 15.174
18 13.623
20 12.572
22 11.560
24 12.705
2 70.625
4 54.669
6 36.971
8 27.210
10 20.976
12 13.357
14 17.085
16 15.137
18 13.661
20 12.395
22 11.513
24 12.652
2 70.678
4 55.287
6 38.563
8 29.608
10 16.165
12 19.609
14 17.070
16 15.188
18 13.571
20 12.480
22 11.663
24 12.861
2 95.131
4 36.868
6 39.667
8 22.973
10 19.251
12 14.917
14 17.005
16 15.199
18 13.669
20 12.509
22 11.530
24 12.715
2 94.996
4 52.446
6 33.180
8 24.261
10 21.579
12 19.515
14 17.048
16 15.147
18 13.651
20 12.702
22 11.592
24 12.665
2 82.468
4 55.545
6 24.303
8 18.288
10 15.026
12 19.416
14 17.081
16 15.168
18 13.712
20 12.487
22 11.576
24 12.761
2 71.846
4 55.284
6 39.411
8 23.141
10 15.087
12 12.677
14 16.966
16 15.153
18 13.615
20 12.587
22 11.615
24 10.778
2 70.982
4 51.472
6 39.067
8 28.052
10 23.108
12 18.230
14 17.386
16 15.197
18 13.690
20 12.412
22 11.547
24 10.702
2 70.665
4 54.708
6 32.979
8 21.751
10 20.503
12 12.795
14 28.087
16 17.651
18 13.744
20 12.439
22 11.511
24 17.508
2 75.085
4 55.191
6 38.922
8 28.934
10 19.598
12 16.041
14 17.041
16 15.151
18 13.656
20 12.498
22 11.652
24 12.806
