2 23654.675
4 23657.862
6 23685.847
8 23663.143
10 23657.319
12 23666.397
14 23664.730
16 23655.907
18 23658.743
20 23662.361
22 23731.222
24 23686.895
2 23709.353
4 23655.577
6 23657.911
8 23693.869
10 23706.102
12 23694.973
14 23722.525
16 23704.793
18 23658.470
20 23703.105
22 23657.121
24 23674.676
2 23670.058
4 23702.085
6 23662.275
8 23662.576
10 23657.588
12 23669.563
14 23672.324
16 23662.028
18 23744.519
20 23684.188
22 23662.670
24 23698.539
2 23708.065
4 23733.069
6 23707.795
8 23664.480
10 23663.341
12 23661.906
14 23656.082
16 23669.195
18 23696.971
20 23710.072
22 23670.680
24 23655.906
2 23653.578
4 23665.331
6 23700.943
8 23666.902
10 23712.722
12 23660.063
14 23667.970
16 23682.318
18 23774.289
20 23656.720
22 23662.493
24 23679.235
2 23663.774
4 23661.916
6 23662.954
8 23658.289
10 23665.538
12 23658.234
14 23728.298
16 23658.145
18 23666.416
20 23730.289
22 23666.879
24 23681.657
2 23667.816
4 23669.775
6 23655.180
8 23659.430
10 23662.640
12 23689.136
14 23661.919
16 23743.157
18 23664.972
20 23669.521
22 23658.936
24 23704.195
2 23666.898
4 23703.317
6 23704.985
8 23664.030
10 23665.005
12 23656.384
14 23746.969
16 23657.446
18 23720.861
20 23697.001
22 23668.896
24 23666.257
2 23861.828
4 23663.436
6 23663.459
8 23711.007
10 23690.101
12 23657.891
14 23745.135
16 23697.545
18 23662.446
20 23663.575
22 23692.588
24 23665.649
2 23730.881
4 23697.055
6 23692.039
8 23668.625
10 23660.342
12 23670.446
14 23656.142
16 23661.479
18 23723.330
20 23665.735
22 23654.301
24 23705.042
