2 193.211
4 111.540
6 81.695
8 70.751
10 57.064
12 53.046
14 62.200
16 60.114
18 50.784
20 52.684
22 53.399
24 57.842
2 194.156
4 111.914
6 81.860
8 67.093
10 68.462
12 51.080
14 53.809
16 54.915
18 53.131
20 56.885
22 53.755
24 157.714
2 194.494
4 96.511
6 77.457
8 58.156
10 62.544
12 49.766
14 52.727
16 49.874
18 52.760
20 56.424
22 52.821
24 57.816
2 193.627
4 89.968
6 75.678
8 59.726
10 64.643
12 58.523
14 53.700
16 52.024
18 53.216
20 53.982
22 59.648
24 58.316
2 195.875
4 117.023
6 83.905
8 64.770
10 57.141
12 51.794
14 51.524
16 53.311
18 53.802
20 55.137
22 54.193
24 55.147
2 193.851
4 104.449
6 68.490
8 68.712
10 63.188
12 48.901
14 57.514
16 54.372
18 53.663
20 55.373
22 57.598
24 60.145
2 197.511
4 104.067
6 74.090
8 69.552
10 54.980
12 49.640
14 57.937
16 57.375
18 55.698
20 55.492
22 54.101
24 57.951
2 194.732
4 103.639
6 57.946
8 59.401
10 65.920
12 57.978
14 53.773
16 51.830
18 55.913
20 54.762
22 54.862
24 61.703
2 197.910
4 104.000
6 83.333
8 63.143
10 66.506
12 49.919
14 63.038
16 52.563
18 55.478
20 55.915
22 54.628
24 92.529
2 143.199
4 96.113
6 84.103
8 57.117
10 66.804
12 53.088
14 58.289
16 56.855
18 56.095
20 56.594
22 57.518
24 58.584
