2 436.966
4 264.249
6 170.796
8 118.272
10 154.640
12 136.695
14 118.219
16 270.212
18 223.360
20 131.763
22 114.378
24 101.101
2 411.282
4 231.231
6 144.657
8 111.563
10 148.864
12 125.014
14 105.013
16 96.574
18 88.525
20 78.611
22 77.050
24 102.026
2 405.963
4 281.972
6 150.342
8 124.838
10 91.810
12 126.693
14 113.874
16 101.695
18 203.396
20 125.485
22 89.344
24 90.837
2 428.163
4 234.033
6 167.823
8 185.656
10 150.561
12 128.060
14 114.884
16 101.078
18 126.067
20 148.101
22 165.911
24 78.631
2 406.077
4 213.283
6 163.918
8 185.470
10 150.099
12 126.217
14 107.757
16 110.354
18 145.091
20 102.750
22 92.838
24 80.901
2 407.765
4 245.587
6 163.400
8 196.523
10 149.685
12 125.478
14 104.653
16 158.501
18 138.937
20 85.422
22 86.890
24 83.369
2 405.962
4 243.481
6 178.042
8 187.289
10 108.371
12 128.283
14 267.552
16 108.797
18 103.148
20 107.034
22 110.941
24 77.306
2 408.597
4 231.339
6 180.758
8 117.814
10 108.449
12 130.611
14 120.793
16 97.864
18 90.194
20 79.066
22 74.390
24 345.110
2 408.644
4 238.492
6 168.717
8 181.619
10 146.961
12 133.036
14 115.556
16 97.002
18 97.098
20 82.185
22 73.438
24 73.553
2 406.298
4 242.052
6 176.316
8 181.390
10 113.124
12 128.049
14 116.233
16 99.003
18 145.397
20 147.482
22 76.560
24 72.543
