2 163.386
4 128.249
6 106.678
8 91.038
10 86.176
12 72.194
14 67.144
16 172.555
18 69.746
20 82.151
22 75.412
24 84.880
2 164.714
4 127.942
6 89.423
8 84.061
10 83.082
12 84.900
14 73.031
16 59.879
18 66.202
20 81.478
22 107.306
24 87.726
2 162.479
4 128.333
6 84.363
8 87.012
10 83.904
12 72.851
14 80.007
16 66.154
18 76.680
20 68.380
22 81.151
24 87.362
2 162.620
4 124.670
6 82.315
8 84.677
10 85.000
12 85.867
14 61.441
16 63.891
18 77.767
20 81.874
22 106.637
24 83.158
2 162.939
4 126.568
6 84.167
8 86.586
10 85.098
12 82.848
14 70.188
16 63.288
18 70.244
20 73.226
22 80.736
24 87.621
2 163.346
4 127.943
6 107.851
8 83.802
10 91.021
12 98.681
14 78.662
16 65.307
18 77.048
20 78.084
22 75.725
24 97.322
2 162.923
4 127.994
6 112.153
8 90.652
10 88.657
12 73.862
14 80.952
16 70.552
18 75.502
20 76.719
22 82.741
24 92.479
2 163.120
4 120.880
6 90.967
8 74.436
10 77.501
12 94.368
14 89.421
16 63.243
18 66.648
20 78.080
22 77.360
24 99.363
2 164.688
4 124.233
6 80.102
8 92.404
10 75.638
12 69.947
14 62.058
16 67.186
18 74.864
20 72.454
22 79.940
24 112.082
2 162.538
4 127.948
6 109.473
8 89.295
10 72.873
12 63.835
14 61.982
16 65.814
18 194.232
20 76.504
22 85.364
24 86.225
