2 157.300
4 165.516
6 163.384
8 148.354
10 156.466
12 164.138
14 146.889
16 149.106
18 158.872
20 165.399
22 162.551
24 149.033
2 163.862
4 166.088
6 146.924
8 160.392
10 147.865
12 162.714
14 153.293
16 155.897
18 163.602
20 165.686
22 164.438
24 165.052
2 148.784
4 146.959
6 156.690
8 164.351
10 164.806
12 146.929
14 167.359
16 163.821
18 164.212
20 149.348
22 164.235
24 160.220
2 164.747
4 166.238
6 163.036
8 164.536
10 146.973
12 147.068
14 163.590
16 147.598
18 162.421
20 156.981
22 147.683
24 163.796
2 163.387
4 163.605
6 165.698
8 164.618
10 163.986
12 146.927
14 165.609
16 160.224
18 164.332
20 167.188
22 147.850
24 147.084
2 146.916
4 146.950
6 148.706
8 164.266
10 165.007
12 158.879
14 164.978
16 161.757
18 165.579
20 165.027
22 164.544
24 164.375
2 147.039
4 146.980
6 147.087
8 146.984
10 146.891
12 149.054
14 163.772
16 163.949
18 165.113
20 164.771
22 165.714
24 165.229
2 164.854
4 161.396
6 163.754
8 146.837
10 163.654
12 148.446
14 164.998
16 164.763
18 147.043
20 164.757
22 147.049
24 148.659
2 164.006
4 161.922
6 163.751
8 148.685
10 146.706
12 163.871
14 147.040
16 160.479
18 148.313
20 165.277
22 163.591
24 164.557
2 165.679
4 164.848
6 160.622
8 147.109
10 146.926
12 163.359
14 165.862
16 146.981
18 147.300
20 147.003
22 146.997
24 149.068
