2 195.414
4 192.976
6 193.474
8 196.085
10 197.857
12 196.001
14 195.634
16 194.558
18 193.142
20 196.122
22 196.122
24 195.382
2 194.881
4 195.075
6 196.153
8 195.338
10 193.263
12 194.711
14 195.422
16 194.621
18 195.816
20 198.049
22 196.150
24 195.193
2 195.468
4 196.242
6 195.708
8 195.356
10 195.880
12 193.219
14 196.340
16 194.746
18 195.572
20 193.504
22 195.488
24 195.746
2 194.887
4 194.818
6 200.241
8 195.065
10 195.512
12 194.958
14 194.905
16 194.360
18 194.179
20 195.432
22 194.851
24 198.707
2 192.926
4 196.003
6 196.366
8 197.531
10 196.445
12 196.124
14 195.804
16 195.034
18 196.302
20 195.118
22 196.092
24 194.735
2 196.032
4 195.289
6 195.931
8 194.859
10 196.074
12 193.280
14 194.839
16 194.646
18 194.171
20 195.185
22 192.889
24 195.258
2 195.497
4 195.561
6 195.385
8 195.538
10 195.166
12 195.016
14 194.492
16 194.723
18 196.426
20 194.343
22 195.279
24 195.156
2 195.224
4 197.979
6 194.441
8 194.750
10 194.943
12 192.858
14 195.516
16 195.108
18 195.501
20 195.146
22 196.718
24 193.445
2 195.312
4 194.812
6 195.300
8 195.711
10 195.403
12 195.368
14 195.015
16 192.717
18 195.420
20 193.398
22 197.852
24 194.883
2 195.349
4 195.017
6 195.212
8 192.813
10 195.260
12 195.171
14 195.024
16 194.854
18 195.103
20 194.776
22 195.187
24 195.288
