2 7.218
4 5.226
6 3.215
8 3.356
10 2.777
12 5.821
14 10.049
16 6.211
18 8.667
20 83.447
22 16.529
24 9.037
2 6.928
4 5.273
6 4.365
8 5.591
10 5.055
12 5.704
14 2.693
16 8.192
18 23.221
20 6.437
22 89.567
24 86.312
2 7.112
4 4.984
6 3.273
8 2.865
10 2.796
12 2.570
14 43.714
16 66.676
18 9.709
20 12.075
22 9.689
24 47.061
2 6.947
4 5.282
6 3.275
8 2.688
10 2.712
12 2.536
14 2.607
16 6.852
18 7.422
20 75.559
22 12.764
24 31.220
2 6.896
4 3.864
6 3.034
8 3.208
10 8.425
12 13.057
14 2.678
16 65.715
18 63.263
20 64.461
22 7.576
24 55.362
2 6.915
4 5.042
6 4.259
8 3.530
10 2.820
12 4.385
14 38.588
16 4.355
18 74.408
20 10.765
22 6.255
24 6.581
2 7.021
4 4.666
6 3.361
8 3.297
10 8.609
12 7.624
14 8.642
16 7.601
18 75.794
20 12.819
22 10.953
24 28.364
2 6.887
4 5.165
6 3.590
8 5.909
10 2.824
12 5.932
14 55.131
16 8.846
18 83.220
20 9.474
22 6.473
24 11.244
2 6.882
4 4.902
6 3.933
8 3.595
10 2.969
12 2.861
14 2.980
16 2.792
18 2.832
20 6.169
22 9.941
24 17.859
2 6.866
4 4.297
6 3.112
8 2.838
10 2.724
12 5.670
14 9.003
16 70.638
18 42.727
20 3.054
22 5.578
24 12.239
