2 193583.256
4 95527.707
6 65931.809
8 51053.516
10 43026.320
12 38326.662
14 37204.671
16 36515.538
18 35565.704
20 34116.168
22 33052.880
24 32327.220
2 194873.949
4 96228.164
6 65532.677
8 51284.357
10 43014.616
12 38285.114
14 37064.609
16 36187.836
18 35204.091
20 34331.160
22 33167.017
24 32369.743
2 194609.555
4 96329.462
6 65939.139
8 51105.358
10 42894.440
12 38425.006
14 37025.850
16 36449.923
18 35456.954
20 34411.869
22 33042.751
24 32446.743
2 197712.513
4 97579.726
6 65725.024
8 51172.264
10 43035.124
12 38185.262
14 37140.068
16 36313.627
18 35071.194
20 34502.222
22 33297.934
24 32619.863
2 192710.244
4 96634.534
6 65838.438
8 50971.111
10 42942.213
12 38271.757
14 37157.822
16 36564.850
18 35535.075
20 34524.395
22 33128.669
24 32440.830
2 198340.975
4 95392.708
6 65549.022
8 51177.636
10 42948.950
12 38338.474
14 37209.478
16 36093.595
18 35607.509
20 34531.457
22 33267.880
24 32108.359
2 196939.905
4 94927.463
6 65858.113
8 51232.574
10 43101.612
12 38228.592
14 37172.763
16 35930.105
18 35238.528
20 34390.843
22 33355.841
24 32585.989
2 197771.322
4 96292.079
6 65645.914
8 50945.805
10 42970.302
12 38336.167
14 37080.558
16 35894.315
18 35486.720
20 34385.989
22 33192.826
24 32291.694
2 193407.105
4 96154.401
6 65345.524
8 51072.567
10 42999.656
12 38275.837
14 37179.154
16 36445.914
18 35088.869
20 34316.649
22 33214.518
24 32371.147
2 192739.081
4 95053.401
6 65566.330
8 51220.058
10 42950.891
12 38262.700
14 37149.207
16 36438.360
18 35549.417
20 34349.689
22 33270.627
24 32299.848
