2 9.692
4 15.370
6 9.717
8 15.333
10 15.019
12 11.291
14 15.686
16 12.801
18 9.704
20 15.461
22 15.226
24 14.296
2 14.857
4 11.114
6 14.356
8 14.514
10 14.709
12 14.740
14 14.131
16 15.206
18 12.141
20 15.470
22 14.862
24 12.431
2 15.472
4 13.132
6 11.652
8 13.962
10 15.279
12 13.684
14 14.750
16 13.392
18 15.225
20 14.888
22 11.748
24 9.555
2 10.314
4 15.170
6 15.346
8 15.304
10 15.465
12 15.490
14 15.175
16 15.349
18 15.100
20 15.461
22 15.489
24 15.343
2 15.309
4 15.454
6 15.333
8 15.382
10 15.140
12 15.823
14 15.613
16 15.281
18 15.195
20 15.351
22 15.677
24 15.282
2 15.380
4 14.523
6 14.156
8 15.369
10 15.428
12 12.389
14 15.210
16 15.059
18 15.360
20 12.619
22 14.357
24 15.197
2 12.910
4 9.677
6 12.867
8 15.190
10 15.317
12 15.886
14 15.436
16 12.618
18 10.953
20 11.124
22 15.360
24 15.537
2 15.702
4 15.131
6 15.692
8 14.975
10 15.162
12 15.120
14 15.138
16 15.345
18 13.258
20 10.694
22 11.792
24 15.047
2 15.337
4 12.355
6 15.347
8 15.231
10 15.320
12 15.606
14 15.466
16 15.317
18 11.155
20 15.410
22 15.198
24 13.697
2 9.579
4 11.230
6 9.556
8 14.312
10 13.387
12 15.096
14 9.549
16 9.560
18 15.518
20 15.137
22 15.278
24 13.250
