16 10235.987
32 17777.836
16 10246.481
32 17777.747
16 10235.377
32 17785.290
16 10235.100
32 17797.613
16 10261.784
32 17776.796
16 10249.929
32 17778.207
16 10237.868
32 17778.104
16 10234.846
32 17778.471
16 10235.154
32 17849.058
16 10235.953
32 17776.693
16 2110.553
32 2752.421
16 2111.876
32 2750.431
16 2110.769
32 2750.597
16 2111.506
32 2763.160
16 2108.883
32 2750.210
16 2110.494
32 2750.115
16 2109.932
32 2760.521
16 2110.824
32 2751.195
16 2109.507
32 2750.876
16 2131.634
32 2750.357
16 2137.982
32 2758.392
16 2131.108
32 2755.903
16 2132.215
32 2750.596
16 2127.558
32 2753.162
16 2135.959
32 2797.924
16 2115.859
32 2749.156
16 2115.473
32 2753.935
16 2133.184
32 2755.028
16 2111.573
32 2773.261
16 2136.757
32 2749.172
