2 1191.247
4 632.844
6 420.558
8 454.656
10 387.025
12 197.625
14 291.077
16 257.340
18 231.459
20 209.371
22 177.782
24 181.048
2 1194.283
4 630.082
6 446.508
8 430.638
10 379.552
12 337.611
14 267.181
16 238.477
18 213.783
20 200.570
22 196.986
24 170.437
2 1304.446
4 604.662
6 418.439
8 420.757
10 311.228
12 332.259
14 281.357
16 255.498
18 236.848
20 218.349
22 200.322
24 186.463
2 1180.721
4 577.162
6 419.808
8 362.308
10 420.870
12 345.081
14 267.692
16 257.999
18 212.719
20 209.204
22 179.261
24 175.878
2 1181.336
4 639.415
6 417.370
8 355.395
10 257.370
12 198.249
14 277.029
16 253.451
18 218.716
20 196.511
22 180.388
24 192.515
2 1423.387
4 626.035
6 402.811
8 352.675
10 383.502
12 313.957
14 296.266
16 241.854
18 233.177
20 202.220
22 203.287
24 188.010
2 1205.117
4 610.259
6 413.628
8 367.653
10 359.292
12 212.584
14 271.915
16 255.533
18 221.585
20 193.008
22 194.767
24 183.196
2 1186.912
4 613.522
6 396.439
8 319.139
10 234.644
12 331.238
14 266.383
16 247.573
18 213.159
20 195.694
22 202.383
24 247.364
2 1230.538
4 586.949
6 432.807
8 350.768
10 276.510
12 329.810
14 271.435
16 239.212
18 232.029
20 214.580
22 184.497
24 175.328
2 1194.307
4 640.025
6 396.994
8 303.393
10 398.531
12 338.194
14 267.280
16 245.572
18 212.867
20 195.839
22 204.745
24 187.095
