2 19.281
4 15.631
6 12.919
8 8.084
10 9.043
12 7.955
14 7.847
16 8.204
18 8.393
20 8.695
22 9.531
24 9.398
2 19.373
4 11.501
6 10.805
8 9.023
10 8.113
12 8.028
14 8.490
16 8.281
18 8.382
20 8.548
22 8.802
24 11.600
2 19.205
4 10.772
6 8.650
8 7.460
10 8.297
12 7.330
14 7.713
16 8.091
18 8.183
20 8.542
22 8.689
24 9.132
2 21.199
4 15.285
6 9.947
8 9.493
10 8.529
12 8.704
14 8.346
16 8.206
18 8.434
20 8.523
22 8.723
24 9.322
2 19.842
4 11.234
6 9.573
8 7.393
10 7.230
12 7.446
14 7.892
16 8.249
18 8.307
20 8.645
22 8.844
24 14.590
2 20.039
4 14.483
6 12.254
8 10.373
10 7.998
12 7.502
14 7.713
16 8.171
18 8.432
20 8.581
22 8.830
24 9.341
2 22.317
4 10.731
6 11.353
8 10.383
10 9.773
12 8.323
14 7.926
16 7.929
18 8.410
20 9.106
22 9.160
24 27.313
2 21.632
4 14.650
6 11.083
8 10.691
10 9.276
12 8.442
14 7.855
16 8.075
18 8.424
20 8.563
22 8.870
24 9.160
2 24.625
4 12.337
6 11.955
8 10.240
10 8.982
12 8.496
14 8.087
16 9.605
18 8.536
20 8.570
22 9.089
24 9.994
2 22.790
4 15.303
6 10.259
8 9.300
10 7.947
12 7.370
14 7.879
16 7.971
18 8.346
20 8.905
22 9.158
24 9.423
