2 7079.580
4 3555.362
6 2432.038
8 1799.762
10 1515.961
12 1280.022
14 1737.918
16 1461.526
18 1392.424
20 1239.805
22 1162.138
24 1287.515
2 7061.380
4 3584.130
6 2447.573
8 1815.947
10 1529.373
12 1273.579
14 1719.492
16 1459.866
18 1388.733
20 1235.724
22 1155.031
24 1280.512
2 7067.107
4 3619.659
6 2464.736
8 1781.188
10 1502.000
12 1291.730
14 1717.300
16 1458.349
18 1401.060
20 1243.674
22 1167.507
24 1282.266
2 7071.750
4 3554.282
6 2532.522
8 1819.282
10 1513.918
12 1295.649
14 1730.937
16 1462.763
18 1404.903
20 1234.235
22 1139.136
24 1273.355
2 7069.968
4 3597.950
6 2452.624
8 1790.470
10 1510.614
12 1292.516
14 1726.662
16 1461.718
18 1402.078
20 1239.271
22 1152.173
24 1280.631
2 7128.100
4 3622.127
6 2417.640
8 1787.619
10 1510.908
12 1304.397
14 1726.892
16 1458.714
18 1390.672
20 1239.580
22 1149.548
24 1185.298
2 7058.834
4 3560.554
6 2464.353
8 1776.527
10 1524.835
12 1360.084
14 1715.868
16 1458.705
18 1382.555
20 1239.194
22 1141.059
24 1108.817
2 7066.610
4 3610.941
6 2453.768
8 1787.989
10 1543.097
12 1339.200
14 1728.601
16 1458.727
18 1395.857
20 1237.474
22 1145.917
24 1073.692
2 7077.807
4 3591.536
6 2479.904
8 1793.940
10 1507.420
12 1270.577
14 1731.801
16 1461.571
18 1387.449
20 1238.369
22 1145.833
24 1093.264
2 7088.700
4 3575.276
6 2476.246
8 1821.364
10 1514.556
12 1270.168
14 1730.409
16 1459.158
18 1390.930
20 1233.874
22 1179.091
24 1064.162
