2 1.813
4 1.466
6 1.867
8 1.879
10 1.418
12 1.543
14 1.577
16 1.533
18 1.983
20 1.385
22 1.439
24 1.335
2 1.340
4 1.837
6 1.551
8 1.914
10 2.083
12 1.350
14 1.434
16 1.612
18 2.027
20 2.137
22 2.196
24 2.212
2 2.210
4 2.313
6 1.474
8 2.033
10 2.105
12 1.956
14 2.185
16 1.630
18 1.332
20 2.137
22 1.473
24 1.324
2 2.154
4 1.323
6 2.149
8 2.027
10 2.077
12 2.138
14 2.009
16 1.304
18 2.133
20 1.459
22 2.191
24 2.139
2 1.792
4 2.136
6 1.323
8 1.312
10 2.153
12 2.054
14 2.064
16 1.598
18 2.271
20 2.274
22 2.234
24 2.248
2 1.629
4 2.150
6 1.642
8 2.135
10 1.825
12 2.091
14 1.722
16 1.471
18 2.288
20 1.542
22 2.123
24 2.219
2 2.105
4 1.628
6 1.962
8 1.657
10 2.149
12 2.217
14 2.172
16 2.120
18 2.138
20 1.888
22 1.849
24 2.127
2 2.086
4 1.851
6 1.750
8 1.534
10 1.462
12 2.025
14 1.542
16 2.154
18 1.304
20 1.853
22 2.147
24 2.197
2 2.234
4 1.956
6 1.843
8 1.710
10 1.854
12 1.323
14 2.185
16 1.879
18 2.058
20 1.429
22 2.166
24 1.338
2 2.025
4 1.606
6 2.133
8 2.134
10 2.191
12 2.109
14 2.033
16 1.769
18 1.654
20 1.596
22 1.796
24 2.149
