2 4.384
4 3.738
6 3.446
8 5.961
10 4.927
12 4.778
14 57.199
16 47.377
18 51.644
20 65.500
22 43.562
24 71.247
2 4.458
4 2.391
6 1.816
8 1.399
10 8.513
12 4.013
14 1.670
16 67.719
18 27.032
20 70.895
22 55.501
24 74.330
2 4.336
4 2.308
6 1.817
8 1.974
10 1.765
12 7.254
14 73.524
16 20.149
18 1.608
20 1.744
22 9.517
24 78.223
2 4.392
4 2.743
6 2.040
8 2.011
10 1.848
12 1.782
14 23.457
16 8.134
18 6.183
20 8.431
22 23.246
24 61.017
2 4.328
4 2.551
6 5.648
8 1.437
10 1.858
12 5.382
14 66.180
16 14.972
18 12.019
20 12.915
22 80.763
24 60.045
2 4.308
4 2.323
6 2.895
8 2.031
10 1.897
12 1.776
14 1.651
16 72.173
18 15.329
20 3.864
22 20.322
24 3.662
2 4.423
4 3.730
6 2.695
8 2.031
10 2.285
12 5.728
14 8.459
16 54.015
18 80.418
20 11.750
22 29.493
24 66.328
2 4.323
4 2.822
6 2.543
8 2.164
10 1.960
12 1.683
14 8.294
16 67.908
18 7.779
20 31.093
22 9.485
24 52.926
2 4.385
4 2.322
6 1.990
8 1.382
10 2.114
12 4.804
14 54.492
16 10.493
18 6.984
20 3.926
22 10.527
24 72.484
2 4.418
4 2.355
6 2.495
8 2.002
10 1.850
12 9.371
14 67.761
16 11.604
18 15.394
20 75.227
22 77.634
24 25.980
