2 5.272
4 6.315
6 5.084
8 5.127
10 4.721
12 4.430
14 5.210
16 5.226
18 5.689
20 5.340
22 106.394
24 142.384
2 6.183
4 7.756
6 5.685
8 7.348
10 4.769
12 4.355
14 4.477
16 25.991
18 77.736
20 17.692
22 7.616
24 28.218
2 5.246
4 7.740
6 10.171
8 5.050
10 4.403
12 5.197
14 4.557
16 5.240
18 14.441
20 5.898
22 5.316
24 59.478
2 5.316
4 5.350
6 7.962
8 7.612
10 5.505
12 5.262
14 5.227
16 4.468
18 4.960
20 11.191
22 43.853
24 71.454
2 5.209
4 7.638
6 10.154
8 5.143
10 4.874
12 4.999
14 5.516
16 5.460
18 46.034
20 27.869
22 50.496
24 91.205
2 5.232
4 5.070
6 7.200
8 8.184
10 4.941
12 4.457
14 5.233
16 89.256
18 131.616
20 5.811
22 5.719
24 42.752
2 5.286
4 5.054
6 6.595
8 5.106
10 4.638
12 5.239
14 4.974
16 5.682
18 5.251
20 5.678
22 5.976
24 100.075
2 5.219
4 5.042
6 5.013
8 5.131
10 4.639
12 6.161
14 106.596
16 7.503
18 58.240
20 146.672
22 71.996
24 15.998
2 5.263
4 8.172
6 7.341
8 6.121
10 4.479
12 5.541
14 5.162
16 5.251
18 5.236
20 5.551
22 5.442
24 77.793
2 5.232
4 5.036
6 5.032
8 7.190
10 5.057
12 5.146
14 5.244
16 4.466
18 5.345
20 5.923
22 48.064
24 96.162
