2 1.260
4 1.291
6 1.261
8 1.260
10 1.254
12 1.262
14 1.271
16 1.276
18 1.247
20 1.261
22 1.250
24 1.232
2 1.261
4 1.247
6 1.270
8 1.229
10 1.251
12 1.292
14 1.267
16 1.257
18 1.251
20 1.257
22 1.255
24 1.257
2 1.266
4 1.269
6 1.263
8 1.254
10 1.280
12 1.245
14 1.229
16 1.285
18 1.261
20 1.265
22 1.259
24 1.285
2 1.236
4 1.260
6 1.268
8 1.260
10 1.235
12 1.241
14 1.270
16 1.256
18 1.264
20 1.257
22 1.269
24 1.270
2 1.266
4 1.258
6 1.271
8 1.260
10 1.267
12 1.262
14 1.263
16 1.228
18 1.251
20 1.261
22 1.236
24 1.254
2 1.295
4 1.257
6 1.269
8 1.277
10 1.282
12 1.256
14 1.243
16 1.228
18 1.257
20 1.232
22 1.253
24 1.241
2 1.288
4 1.261
6 1.267
8 1.227
10 1.252
12 1.257
14 1.225
16 1.272
18 1.232
20 1.261
22 1.265
24 1.279
2 1.257
4 1.256
6 1.272
8 1.266
10 1.259
12 1.265
14 1.258
16 1.258
18 1.227
20 1.258
22 1.266
24 1.287
2 1.266
4 1.259
6 1.259
8 1.233
10 1.237
12 1.257
14 1.262
16 1.257
18 1.272
20 1.267
22 1.272
24 1.225
2 1.257
4 1.233
6 1.233
8 1.258
10 1.260
12 1.257
14 1.261
16 1.258
18 1.252
20 1.262
22 1.268
24 1.259
