2 171.110
4 171.084
6 170.652
8 170.627
10 167.793
12 170.985
14 171.083
16 170.893
18 170.907
20 171.027
22 170.994
24 170.669
2 171.228
4 170.915
6 171.118
8 171.222
10 168.703
12 171.094
14 171.065
16 170.786
18 171.153
20 170.756
22 171.000
24 171.343
2 170.951
4 167.745
6 170.428
8 171.323
10 170.768
12 170.930
14 170.878
16 170.859
18 170.646
20 173.091
22 170.898
24 167.804
2 170.918
4 170.974
6 171.137
8 171.133
10 171.226
12 171.030
14 170.374
16 171.032
18 170.874
20 171.149
22 173.761
24 170.518
2 170.740
4 170.777
6 168.762
8 171.107
10 170.761
12 170.891
14 171.367
16 169.647
18 170.951
20 170.839
22 170.891
24 171.117
2 172.161
4 170.853
6 171.018
8 170.664
10 170.638
12 171.075
14 170.539
16 170.591
18 170.738
20 170.691
22 169.627
24 170.793
2 173.625
4 170.772
6 171.243
8 170.730
10 170.739
12 170.844
14 171.014
16 170.731
18 170.546
20 168.031
22 170.886
24 170.976
2 170.965
4 168.234
6 170.384
8 170.983
10 167.854
12 171.129
14 170.951
16 170.853
18 170.995
20 170.908
22 171.311
24 170.595
2 171.134
4 171.406
6 173.261
8 170.571
10 171.110
12 170.759
14 171.148
16 170.886
18 171.327
20 170.945
22 171.152
24 171.023
2 170.987
4 171.292
6 171.556
8 170.741
10 167.697
12 170.989
14 170.728
16 170.630
18 171.090
20 170.999
22 171.292
24 170.722
