2 226.728
4 228.972
6 228.877
8 226.700
10 228.959
12 228.928
14 268.968
16 227.052
18 226.759
20 226.787
22 226.741
24 226.737
2 228.224
4 226.640
6 229.001
8 226.861
10 229.026
12 226.664
14 226.772
16 226.843
18 226.791
20 226.787
22 226.890
24 228.982
2 226.817
4 228.964
6 226.819
8 226.804
10 226.839
12 226.881
14 226.707
16 229.810
18 226.799
20 227.131
22 228.893
24 226.800
2 226.719
4 227.489
6 226.824
8 228.446
10 228.268
12 228.993
14 228.920
16 226.740
18 226.702
20 226.795
22 226.885
24 226.861
2 226.952
4 228.933
6 227.231
8 226.922
10 226.957
12 226.781
14 226.785
16 229.896
18 226.790
20 226.787
22 226.844
24 226.675
2 226.811
4 229.074
6 226.769
8 226.992
10 228.448
12 226.850
14 228.112
16 226.828
18 226.921
20 226.771
22 226.783
24 226.797
2 226.734
4 229.041
6 226.797
8 226.743
10 226.821
12 227.066
14 226.741
16 228.941
18 226.753
20 226.757
22 226.945
24 226.806
2 228.967
4 226.726
6 226.728
8 228.998
10 226.842
12 229.105
14 229.080
16 228.444
18 230.404
20 226.800
22 226.808
24 226.749
2 229.010
4 228.698
6 226.771
8 226.788
10 226.740
12 227.268
14 226.843
16 226.651
18 226.752
20 226.948
22 228.913
24 226.889
2 226.735
4 226.818
6 226.748
8 226.685
10 228.984
12 228.893
14 226.736
16 228.241
18 226.830
20 231.211
22 226.820
24 226.818
