2 1206.974
4 584.686
6 383.581
8 270.654
10 249.907
12 218.380
14 204.496
16 184.268
18 178.880
20 197.572
22 181.059
24 166.441
2 1220.463
4 547.108
6 404.051
8 276.853
10 245.842
12 220.616
14 200.308
16 196.654
18 180.247
20 264.194
22 157.623
24 209.077
2 1195.557
4 615.709
6 407.663
8 255.420
10 256.734
12 217.108
14 201.036
16 182.203
18 258.469
20 173.156
22 177.423
24 160.172
2 1211.309
4 597.718
6 392.076
8 299.898
10 233.894
12 217.717
14 196.674
16 192.306
18 180.442
20 179.338
22 182.672
24 151.817
2 1210.892
4 621.228
6 416.877
8 293.028
10 239.600
12 218.145
14 200.016
16 188.982
18 227.695
20 223.446
22 160.549
24 150.976
2 1208.630
4 586.401
6 369.463
8 316.392
10 264.699
12 214.524
14 204.779
16 226.810
18 201.430
20 170.441
22 155.879
24 169.213
2 1202.182
4 580.524
6 375.837
8 332.870
10 233.118
12 221.333
14 200.124
16 228.528
18 180.137
20 189.613
22 188.248
24 152.046
2 1223.623
4 586.659
6 390.238
8 273.197
10 237.441
12 221.498
14 214.086
16 182.480
18 171.687
20 217.840
22 161.115
24 154.880
2 1200.259
4 594.921
6 378.026
8 274.764
10 233.963
12 222.875
14 198.870
16 179.941
18 173.901
20 186.420
22 158.467
24 150.161
2 1197.508
4 575.688
6 361.784
8 274.277
10 248.856
12 218.537
14 210.470
16 183.155
18 205.022
20 193.454
22 160.148
24 157.243
