2 66.776
4 51.699
6 32.081
8 26.778
10 21.377
12 22.086
14 22.484
16 26.465
18 23.312
20 23.616
22 27.741
24 52.108
2 67.476
4 47.345
6 43.210
8 29.512
10 29.728
12 23.217
14 32.679
16 25.454
18 22.823
20 23.746
22 27.988
24 27.765
2 67.385
4 51.265
6 36.520
8 21.925
10 36.991
12 25.024
14 43.705
16 38.826
18 30.088
20 33.767
22 106.060
24 127.904
2 67.399
4 51.379
6 32.654
8 29.864
10 30.312
12 25.175
14 24.112
16 24.033
18 22.809
20 23.969
22 24.742
24 48.135
2 67.305
4 50.572
6 38.153
8 28.627
10 25.676
12 27.846
14 29.350
16 23.185
18 23.336
20 23.112
22 36.735
24 36.887
2 67.284
4 51.706
6 39.112
8 28.359
10 36.885
12 28.345
14 47.414
16 27.810
18 22.934
20 23.441
22 33.212
24 51.585
2 67.310
4 49.432
6 42.709
8 28.671
10 34.636
12 34.629
14 25.129
16 22.494
18 45.159
20 23.652
22 24.234
24 28.426
2 66.993
4 48.751
6 41.492
8 32.348
10 32.119
12 28.418
14 28.952
16 23.088
18 23.236
20 23.806
22 27.094
24 47.584
2 66.933
4 48.247
6 33.316
8 27.295
10 31.078
12 29.675
14 22.431
16 23.096
18 23.355
20 23.673
22 24.314
24 28.296
2 67.310
4 47.885
6 32.772
8 30.594
10 29.024
12 27.409
14 30.641
16 21.834
18 22.726
20 23.169
22 24.710
24 32.378
