2 16490.868
4 16456.428
6 16482.236
8 16495.216
10 16507.792
12 16476.103
14 16470.983
16 16467.993
18 16481.949
20 16472.158
22 16469.126
24 16481.414
2 16503.186
4 16484.969
6 16473.077
8 16490.333
10 16471.988
12 16469.826
14 16471.385
16 16489.662
18 16456.514
20 16546.865
22 16460.987
24 16457.506
2 16485.661
4 16479.026
6 16471.713
8 16445.236
10 16462.283
12 16511.673
14 16538.034
16 16481.137
18 16488.136
20 16467.326
22 16508.598
24 16449.269
2 16582.134
4 16466.043
6 16535.634
8 16556.231
10 16467.166
12 16478.534
14 16481.331
16 16552.863
18 16505.021
20 16517.152
22 16463.267
24 16608.251
2 16509.198
4 16452.489
6 16454.480
8 16517.474
10 16495.612
12 16598.194
14 16518.562
16 16504.076
18 16496.439
20 16462.936
22 16537.359
24 16450.679
2 16487.453
4 16525.459
6 16467.353
8 16500.527
10 16461.951
12 16468.028
14 16481.256
16 16483.306
18 16516.118
20 16484.769
22 16463.104
24 16499.073
2 16485.265
4 16516.365
6 16464.450
8 16465.389
10 16454.842
12 16546.255
14 16465.280
16 16468.225
18 16463.000
20 16514.182
22 16466.187
24 16489.912
2 16534.406
4 16488.658
6 16476.310
8 16522.377
10 16458.647
12 16474.895
14 16457.745
16 16515.944
18 16437.782
20 16469.358
22 16476.106
24 16499.486
2 16483.520
4 16495.032
6 16472.484
8 16508.779
10 16448.204
12 16480.302
14 16461.534
16 16543.883
18 16474.820
20 16473.118
22 16494.617
24 16503.333
2 16498.864
4 16489.671
6 16459.469
8 16480.627
10 16461.206
12 16487.800
14 16475.964
16 16471.021
18 16490.265
20 16476.119
22 16484.412
24 16449.038
