2 707.376
4 390.268
6 256.217
8 191.399
10 174.795
12 195.922
14 167.039
16 148.370
18 133.876
20 121.488
22 111.357
24 112.668
2 708.145
4 357.480
6 239.651
8 180.287
10 146.637
12 195.012
14 168.656
16 148.602
18 132.675
20 121.463
22 109.767
24 104.787
2 739.986
4 383.721
6 241.291
8 228.798
10 147.146
12 131.554
14 168.307
16 148.247
18 133.610
20 123.836
22 110.561
24 103.986
2 705.642
4 371.710
6 252.220
8 213.826
10 151.018
12 146.226
14 170.538
16 148.265
18 133.140
20 120.649
22 110.669
24 104.157
2 704.617
4 374.498
6 250.500
8 206.149
10 179.554
12 123.630
14 167.905
16 147.974
18 132.862
20 120.310
22 110.904
24 109.888
2 728.603
4 385.433
6 264.859
8 182.475
10 164.230
12 125.803
14 167.940
16 148.363
18 132.842
20 120.784
22 110.940
24 234.920
2 736.752
4 383.980
6 239.697
8 180.136
10 147.326
12 124.384
14 168.800
16 148.114
18 132.326
20 121.128
22 111.215
24 104.064
2 709.044
4 377.124
6 268.615
8 221.361
10 154.362
12 148.940
14 169.385
16 148.122
18 132.256
20 123.101
22 110.619
24 105.450
2 730.938
4 385.545
6 258.360
8 206.900
10 161.462
12 125.447
14 168.079
16 148.221
18 133.874
20 121.051
22 111.339
24 105.114
2 706.494
4 386.342
6 264.803
8 206.819
10 150.812
12 194.195
14 168.145
16 151.435
18 132.923
20 121.766
22 111.840
24 104.767
