2 260.147
4 263.546
6 220.926
8 257.785
10 195.483
12 210.801
14 194.466
16 173.630
18 161.600
20 153.159
22 154.379
24 133.853
2 257.363
4 272.721
6 221.930
8 215.388
10 181.502
12 177.547
14 185.398
16 173.836
18 155.645
20 158.485
22 159.468
24 136.124
2 257.916
4 268.768
6 241.812
8 203.461
10 174.599
12 163.632
14 198.889
16 170.194
18 160.881
20 157.294
22 153.388
24 139.890
2 257.129
4 274.898
6 226.084
8 188.139
10 187.527
12 165.646
14 195.334
16 167.429
18 163.481
20 162.812
22 157.451
24 145.663
2 256.994
4 269.406
6 226.008
8 228.062
10 200.458
12 212.345
14 196.379
16 162.101
18 160.926
20 155.515
22 148.366
24 134.458
2 257.687
4 271.093
6 227.500
8 205.474
10 225.876
12 209.150
14 172.640
16 163.723
18 155.038
20 161.213
22 149.618
24 365.291
2 256.974
4 272.451
6 225.947
8 233.868
10 257.209
12 152.626
14 189.494
16 171.306
18 158.242
20 155.693
22 150.752
24 133.186
2 257.635
4 271.533
6 242.587
8 196.470
10 206.036
12 143.932
14 144.588
16 168.186
18 157.148
20 160.250
22 152.188
24 231.198
2 257.009
4 264.318
6 226.464
8 202.874
10 185.079
12 183.672
14 175.721
16 164.865
18 208.345
20 162.337
22 149.880
24 141.371
2 257.544
4 271.384
6 238.323
8 243.620
10 257.291
12 217.360
14 167.480
16 173.406
18 162.790
20 181.636
22 156.500
24 135.059
