2 268.206
4 233.794
6 155.111
8 129.356
10 130.416
12 117.094
14 149.380
16 110.952
18 104.887
20 132.474
22 129.615
24 115.637
2 270.359
4 203.136
6 158.414
8 135.996
10 111.368
12 127.041
14 124.949
16 127.153
18 126.862
20 110.735
22 125.988
24 131.263
2 265.253
4 226.467
6 149.104
8 113.955
10 115.558
12 129.054
14 118.728
16 104.526
18 126.252
20 126.920
22 129.673
24 138.828
2 273.402
4 197.217
6 160.433
8 162.405
10 110.325
12 120.185
14 225.863
16 128.051
18 108.258
20 128.367
22 116.548
24 164.175
2 277.744
4 234.184
6 169.374
8 136.591
10 122.760
12 135.428
14 121.207
16 105.804
18 129.915
20 127.102
22 132.028
24 135.275
2 222.131
4 235.429
6 154.127
8 112.795
10 125.264
12 124.391
14 105.519
16 126.579
18 107.287
20 206.173
22 129.291
24 136.446
2 265.628
4 193.746
6 145.238
8 112.407
10 134.896
12 103.833
14 125.565
16 107.013
18 106.157
20 110.312
22 131.369
24 134.704
2 272.173
4 221.662
6 151.540
8 138.298
10 108.620
12 111.192
14 126.870
16 123.453
18 128.971
20 128.175
22 131.573
24 132.734
2 231.633
4 174.945
6 175.731
8 136.282
10 128.305
12 118.655
14 125.431
16 124.324
18 103.150
20 107.619
22 133.289
24 234.278
2 268.476
4 210.484
6 149.710
8 141.439
10 119.852
12 128.705
14 126.393
16 125.613
18 128.364
20 126.629
22 129.570
24 147.170
