2 11608.551
4 5810.789
6 3911.000
8 2975.651
10 3624.188
12 1967.442
14 2590.145
16 2372.684
18 2111.378
20 1902.405
22 1740.076
24 1617.220
2 11548.978
4 5829.328
6 3878.453
8 2980.660
10 2561.241
12 2877.496
14 2631.691
16 2370.544
18 2128.496
20 1920.138
22 1749.338
24 1638.330
2 11576.289
4 5818.478
6 3889.960
8 3008.750
10 2862.748
12 2300.395
14 2610.692
16 2376.410
18 2109.302
20 1909.027
22 1753.868
24 1753.348
2 11561.518
4 5777.467
6 3922.846
8 3025.595
10 3620.540
12 2578.864
14 2614.802
16 2393.195
18 2102.639
20 1925.890
22 1751.307
24 1610.017
2 11559.262
4 5836.968
6 3871.256
8 3014.103
10 2355.993
12 2560.424
14 2633.459
16 2388.431
18 2102.495
20 1903.712
22 1759.684
24 1756.337
2 11529.550
4 5792.069
6 3891.111
8 2973.477
10 2393.253
12 3106.903
14 2608.046
16 2382.846
18 2112.154
20 1925.100
22 1753.171
24 1620.091
2 11577.878
4 5802.036
6 3855.003
8 3004.596
10 3103.844
12 2318.042
14 2632.752
16 2370.044
18 2106.650
20 1904.199
22 1749.682
24 1784.775
2 11624.177
4 5863.869
6 3844.937
8 2920.338
10 2345.483
12 2990.380
14 2637.997
16 2384.152
18 2123.363
20 1902.716
22 1751.507
24 1629.491
2 11561.287
4 5805.096
6 3906.810
8 2951.683
10 3007.911
12 2320.969
14 2606.675
16 2369.718
18 2129.574
20 1903.494
22 1752.307
24 1765.383
2 11517.958
4 5845.428
6 3880.646
8 3041.051
10 3076.522
12 3084.136
14 2638.184
16 2375.638
18 2117.229
20 1917.992
22 1743.069
24 1639.854
