2 2367.849
4 2370.423
6 2368.306
8 2365.706
10 2377.543
12 2365.821
14 2367.953
16 2364.712
18 2395.503
20 2364.137
22 2380.111
24 2368.639
2 2368.219
4 2365.010
6 2367.401
8 2365.211
10 2367.098
12 2364.518
14 2367.248
16 2364.094
18 2371.550
20 2374.472
22 2367.311
24 2376.481
2 2384.929
4 2365.164
6 2369.359
8 2372.585
10 2366.945
12 2371.469
14 2367.954
16 2364.686
18 2367.356
20 2368.468
22 2363.952
24 2398.443
2 2364.291
4 2364.642
6 2364.317
8 2368.739
10 2364.674
12 2366.912
14 2374.732
16 2368.050
18 2364.982
20 2367.448
22 2368.377
24 2367.266
2 2365.061
4 2368.367
6 2379.133
8 2374.474
10 2364.871
12 2367.181
14 2364.464
16 2373.891
18 2365.494
20 2375.750
22 2364.366
24 2385.303
2 2369.529
4 2368.029
6 2364.630
8 2368.900
10 2365.523
12 2367.952
14 2364.976
16 2367.090
18 2364.904
20 2401.450
22 2370.939
24 2374.536
2 2365.043
4 2431.580
6 2364.409
8 2367.206
10 2365.353
12 2368.047
14 2364.238
16 2371.434
18 2365.010
20 2373.511
22 2390.528
24 2364.486
2 2399.055
4 2364.322
6 2368.630
8 2364.019
10 2368.765
12 2365.163
14 2388.663
16 2364.800
18 2368.321
20 2364.841
22 2367.238
24 2364.390
2 2366.847
4 2364.629
6 2368.477
8 2364.494
10 2366.972
12 2364.023
14 2372.616
16 2365.091
18 2367.872
20 2364.515
22 2386.896
24 2364.709
2 2367.972
4 2380.130
6 2367.773
8 2364.078
10 2368.171
12 2363.783
14 2373.752
16 2364.135
18 2373.764
20 2364.364
22 2367.903
24 2365.029
