2 617.944
4 307.686
6 209.800
8 175.199
10 159.392
12 152.735
14 215.783
16 243.638
18 248.489
20 130.527
22 131.701
24 132.346
2 612.923
4 316.057
6 226.195
8 185.334
10 156.582
12 142.044
14 132.004
16 131.611
18 124.992
20 123.837
22 137.002
24 140.453
2 608.467
4 326.445
6 226.207
8 186.828
10 159.765
12 146.248
14 133.066
16 132.067
18 131.347
20 127.215
22 125.899
24 143.428
2 617.852
4 326.795
6 217.067
8 173.940
10 151.867
12 151.162
14 133.696
16 122.872
18 274.696
20 207.692
22 147.800
24 163.768
2 607.703
4 313.323
6 221.866
8 185.561
10 155.903
12 147.265
14 129.808
16 133.099
18 121.302
20 122.077
22 204.376
24 421.267
2 606.902
4 328.465
6 214.654
8 173.902
10 158.721
12 150.615
14 134.956
16 179.417
18 234.554
20 226.665
22 141.099
24 140.668
2 608.248
4 329.534
6 231.741
8 171.133
10 163.963
12 151.242
14 137.059
16 130.668
18 139.303
20 145.174
22 226.435
24 216.999
2 614.787
4 333.931
6 222.954
8 190.761
10 159.157
12 150.157
14 131.679
16 125.767
18 132.863
20 123.297
22 150.080
24 136.683
2 614.899
4 304.141
6 214.649
8 177.978
10 151.543
12 154.353
14 142.609
16 126.653
18 191.977
20 227.092
22 178.297
24 167.708
2 606.464
4 329.590
6 184.826
8 172.829
10 157.960
12 139.515
14 130.384
16 139.713
18 128.129
20 123.653
22 151.961
24 142.454
