2 7055.601
4 3574.243
6 2416.706
8 1812.339
10 1630.987
12 1538.540
14 1673.517
16 1547.113
18 1329.278
20 1188.285
22 1175.907
24 1016.601
2 7043.356
4 3592.090
6 2416.405
8 1848.524
10 1696.354
12 1283.153
14 1662.299
16 1476.035
18 1321.985
20 1204.457
22 1080.216
24 1017.685
2 7083.669
4 3609.258
6 2475.232
8 1836.533
10 1488.717
12 1249.679
14 1676.822
16 1480.465
18 1324.403
20 1203.336
22 1102.828
24 1020.754
2 7052.506
4 3528.899
6 2394.943
8 1899.653
10 1607.141
12 1307.065
14 1688.304
16 1475.529
18 1324.238
20 1195.790
22 1098.496
24 1030.580
2 7115.119
4 3548.774
6 2447.701
8 1831.061
10 1450.336
12 1544.162
14 1717.846
16 1477.508
18 1328.283
20 1198.774
22 1106.298
24 1023.256
2 7059.608
4 3589.012
6 2470.309
8 1906.215
10 1478.173
12 1408.433
14 1672.310
16 1479.047
18 1316.598
20 1196.869
22 1104.526
24 1060.460
2 7029.863
4 3627.459
6 2412.006
8 1800.941
10 1682.092
12 1334.228
14 1669.921
16 1475.719
18 1321.726
20 1195.407
22 1103.837
24 1020.243
2 7054.933
4 3640.605
6 2390.114
8 1973.563
10 1774.498
12 1470.446
14 1667.485
16 1476.432
18 1317.380
20 1231.416
22 1097.153
24 1012.179
2 7047.960
4 3545.287
6 2447.978
8 1779.830
10 1675.627
12 1419.881
14 1689.363
16 1476.841
18 1320.310
20 1194.810
22 1094.714
24 1017.977
2 7082.520
4 3581.928
6 2389.221
8 1789.034
10 1527.673
12 1355.635
14 1672.321
16 1478.548
18 1442.599
20 1194.370
22 1099.281
24 1016.505
