2 1.166
4 0.905
6 0.608
8 0.608
10 0.568
12 0.650
14 0.693
16 0.705
18 77.049
20 74.005
22 10.059
24 80.676
2 1.140
4 0.664
6 0.648
8 0.625
10 0.607
12 0.629
14 0.661
16 0.718
18 3.861
20 65.995
22 68.154
24 10.001
2 1.225
4 0.903
6 0.743
8 0.647
10 0.591
12 0.672
14 0.622
16 19.785
18 0.794
20 65.537
22 68.645
24 7.829
2 1.451
4 0.931
6 0.854
8 0.789
10 0.693
12 0.671
14 66.418
16 0.694
18 73.653
20 4.078
22 37.786
24 65.575
2 1.141
4 0.915
6 0.786
8 0.773
10 0.685
12 0.621
14 0.647
16 0.745
18 0.737
20 0.804
22 3.946
24 29.994
2 1.135
4 0.935
6 0.668
8 0.625
10 0.603
12 0.671
14 7.503
16 64.394
18 65.001
20 74.328
22 70.781
24 31.439
2 1.140
4 0.665
6 0.648
8 0.642
10 0.766
12 0.715
14 66.398
16 72.596
18 0.795
20 0.766
22 0.961
24 9.965
2 1.131
4 0.907
6 0.746
8 0.707
10 0.664
12 0.609
14 45.077
16 0.677
18 0.834
20 0.890
22 70.594
24 4.178
2 1.137
4 0.910
6 0.593
8 0.653
10 0.563
12 0.654
14 0.639
16 0.766
18 71.322
20 30.584
22 0.852
24 5.211
2 1.140
4 0.904
6 0.838
8 0.610
10 0.574
12 0.596
14 0.817
16 10.332
18 76.061
20 44.909
22 0.952
24 4.287
