2 187.933
4 156.835
6 91.259
8 85.481
10 99.697
12 89.903
14 89.439
16 89.709
18 121.854
20 90.562
22 159.373
24 132.999
2 200.946
4 133.479
6 80.208
8 80.361
10 148.106
12 103.507
14 91.514
16 90.671
18 95.829
20 110.643
22 123.916
24 224.541
2 187.895
4 101.059
6 112.106
8 68.940
10 87.441
12 79.284
14 99.198
16 94.097
18 106.373
20 86.778
22 115.652
24 364.656
2 212.511
4 107.971
6 77.479
8 94.390
10 89.717
12 77.095
14 98.962
16 102.001
18 94.873
20 131.598
22 110.502
24 126.509
2 194.446
4 141.445
6 77.464
8 81.710
10 100.595
12 82.958
14 92.566
16 208.328
18 140.615
20 116.051
22 120.347
24 118.792
2 187.417
4 159.558
6 105.732
8 92.564
10 97.508
12 86.913
14 92.147
16 104.017
18 109.205
20 111.435
22 102.220
24 116.928
2 188.202
4 109.020
6 130.436
8 103.659
10 96.273
12 92.577
14 103.842
16 108.009
18 95.363
20 113.423
22 147.820
24 126.566
2 215.385
4 128.895
6 94.940
8 95.304
10 80.084
12 80.341
14 247.638
16 154.488
18 98.409
20 115.610
22 167.776
24 126.324
2 188.757
4 150.590
6 78.737
8 114.854
10 84.198
12 90.065
14 102.571
16 107.528
18 97.712
20 93.674
22 105.731
24 126.717
2 190.226
4 111.756
6 90.646
8 87.075
10 102.830
12 89.018
14 86.787
16 88.269
18 93.975
20 98.683
22 107.832
24 139.813
