2 94.157
4 45.669
6 36.716
8 20.812
10 14.083
12 11.803
14 16.658
16 14.758
18 13.199
20 12.108
22 11.077
24 12.375
2 93.565
4 52.534
6 31.939
8 28.091
10 16.997
12 11.826
14 16.707
16 14.721
18 13.245
20 12.102
22 11.063
24 12.319
2 92.006
4 53.691
6 37.841
8 25.495
10 15.631
12 11.796
14 16.677
16 14.740
18 13.222
20 12.113
22 11.113
24 12.280
2 71.202
4 45.159
6 31.756
8 17.613
10 14.092
12 19.280
14 16.683
16 14.735
18 13.200
20 12.135
22 11.075
24 12.193
2 72.869
4 53.191
6 37.330
8 29.110
10 20.708
12 14.707
14 16.819
16 14.779
18 13.204
20 13.220
22 11.055
24 10.267
2 92.458
4 38.724
6 35.533
8 27.314
10 14.060
12 19.268
14 16.675
16 14.734
18 13.274
20 12.133
22 11.083
24 22.369
2 92.546
4 49.862
6 33.325
8 19.593
10 13.964
12 11.812
14 16.635
16 14.780
18 13.219
20 12.070
22 11.061
24 12.214
2 74.959
4 52.781
6 37.370
8 25.339
10 14.013
12 12.582
14 16.709
16 14.893
18 13.187
20 12.140
22 11.071
24 12.242
2 68.218
4 48.691
6 37.106
8 17.906
10 14.077
12 11.859
14 16.669
16 14.778
18 13.185
20 12.129
22 11.092
24 12.383
2 68.152
4 53.587
6 37.220
8 23.316
10 17.824
12 19.137
14 18.806
16 14.754
18 13.223
20 12.134
22 11.057
24 12.284
