2 617.505
4 375.391
6 233.295
8 246.973
10 224.706
12 196.987
14 318.005
16 398.603
18 234.067
20 333.769
22 233.730
24 258.157
2 680.395
4 360.911
6 282.226
8 244.516
10 196.297
12 215.657
14 268.973
16 214.688
18 231.471
20 241.141
22 238.847
24 258.648
2 668.337
4 315.254
6 289.573
8 213.443
10 232.137
12 229.480
14 215.789
16 364.944
18 240.296
20 227.935
22 251.392
24 289.535
2 673.802
4 348.875
6 236.803
8 252.472
10 235.571
12 217.175
14 223.808
16 317.272
18 398.580
20 236.652
22 268.914
24 249.639
2 671.336
4 376.722
6 216.389
8 203.601
10 211.672
12 194.407
14 351.082
16 315.764
18 242.643
20 224.108
22 240.766
24 275.542
2 670.267
4 390.263
6 255.813
8 250.917
10 201.597
12 194.523
14 220.812
16 238.323
18 325.504
20 238.062
22 235.345
24 251.994
2 673.214
4 362.278
6 247.293
8 204.769
10 235.864
12 194.880
14 228.329
16 263.881
18 339.612
20 322.578
22 245.500
24 249.059
2 673.287
4 340.612
6 228.570
8 248.370
10 199.254
12 193.800
14 230.533
16 224.088
18 223.419
20 231.096
22 266.048
24 251.382
2 669.992
4 349.312
6 237.482
8 203.475
10 231.171
12 231.309
14 230.016
16 322.920
18 366.799
20 238.787
22 248.837
24 258.732
2 675.607
4 305.660
6 222.173
8 252.502
10 222.560
12 201.260
14 223.497
16 224.981
18 234.675
20 262.444
22 236.031
24 524.425
