2 11.074
4 7.394
6 5.910
8 4.406
10 3.311
12 3.217
14 3.294
16 3.435
18 3.401
20 3.439
22 3.640
24 3.697
2 11.091
4 7.209
6 5.509
8 4.511
10 3.833
12 3.571
14 3.617
16 3.560
18 3.466
20 3.431
22 3.515
24 3.620
2 11.047
4 7.720
6 4.923
8 4.088
10 3.796
12 3.312
14 3.422
16 3.377
18 3.389
20 3.423
22 3.528
24 3.709
2 10.964
4 6.379
6 4.438
8 4.605
10 3.439
12 3.275
14 3.318
16 3.352
18 3.320
20 5.070
22 3.519
24 3.696
2 10.959
4 8.352
6 5.500
8 4.557
10 3.623
12 3.226
14 3.337
16 3.354
18 3.400
20 3.446
22 3.713
24 5.967
2 10.843
4 7.305
6 5.251
8 5.026
10 3.709
12 3.503
14 3.287
16 3.358
18 3.422
20 3.529
22 3.592
24 3.657
2 12.485
4 8.733
6 6.071
8 5.660
10 4.425
12 3.979
14 3.854
16 3.558
18 3.419
20 3.481
22 3.553
24 3.657
2 11.100
4 7.270
6 5.308
8 3.823
10 3.586
12 3.214
14 3.537
16 3.426
18 3.423
20 3.503
22 3.624
24 3.658
2 14.832
4 8.599
6 4.830
8 3.879
10 3.846
12 3.270
14 3.249
16 3.362
18 3.487
20 3.439
22 3.629
24 3.662
2 10.902
4 6.630
6 6.150
8 4.258
10 3.582
12 3.350
14 3.298
16 3.644
18 3.422
20 3.384
22 3.561
24 4.312
