2 10990.626
4 5516.291
6 3709.565
8 2801.167
10 2296.173
12 2055.816
14 2559.248
16 2319.384
18 2062.426
20 1881.082
22 1690.708
24 1586.042
2 11017.631
4 5530.501
6 3663.305
8 2885.224
10 2225.593
12 2495.361
14 2549.705
16 2305.932
18 2067.326
20 1874.518
22 1718.988
24 1585.489
2 11104.179
4 5566.108
6 3671.130
8 2768.028
10 2227.285
12 2471.104
14 2559.663
16 2369.207
18 2053.547
20 1853.297
22 1708.753
24 1561.470
2 11002.995
4 5515.438
6 3692.199
8 3003.010
10 2232.415
12 2418.059
14 2607.787
16 2332.154
18 2054.836
20 1876.654
22 1709.563
24 1590.172
2 11021.970
4 5500.653
6 3706.708
8 2837.842
10 3438.932
12 2634.349
14 2525.946
16 2303.964
18 2076.556
20 1860.654
22 1713.342
24 1566.233
2 11097.947
4 5520.344
6 3693.532
8 2835.078
10 3448.190
12 3037.029
14 2592.213
16 2329.600
18 2063.820
20 1853.415
22 1721.265
24 1702.235
2 11054.635
4 5549.120
6 3677.568
8 2842.664
10 3391.905
12 2133.612
14 2547.492
16 2304.621
18 2058.217
20 1854.763
22 1697.081
24 1589.862
2 11497.003
4 5521.638
6 3695.826
8 2897.815
10 2397.015
12 2050.233
14 2585.005
16 2313.229
18 2058.979
20 1855.402
22 1717.729
24 1584.256
2 10993.001
4 5513.350
6 3691.178
8 2806.975
10 3233.952
12 2460.062
14 2564.993
16 2315.170
18 2076.087
20 1856.304
22 1716.997
24 1581.433
2 11186.159
4 5542.074
6 3680.480
8 2843.805
10 2528.589
12 2210.625
14 2577.852
16 2319.147
18 2059.866
20 1861.735
22 1718.306
24 1576.665
