2 2672.736
4 2669.892
6 2673.003
8 2693.053
10 2756.060
12 2680.099
14 2670.131
16 2681.369
18 2756.715
20 2677.492
22 2695.818
24 2681.980
2 2672.793
4 2669.883
6 2676.190
8 2671.849
10 2669.508
12 2672.452
14 2667.387
16 2719.417
18 2669.288
20 2673.506
22 2668.224
24 2672.166
2 2674.697
4 2670.332
6 2671.575
8 2670.303
10 2673.973
12 2671.616
14 2671.720
16 2671.249
18 2756.081
20 2671.678
22 2669.367
24 2672.506
2 2670.379
4 2694.940
6 2679.525
8 2710.602
10 2711.325
12 2740.313
14 2692.880
16 2669.112
18 2669.074
20 2681.214
22 2669.211
24 2672.285
2 2689.129
4 2686.864
6 2680.391
8 2670.522
10 2673.631
12 2669.950
14 2675.349
16 2692.979
18 2681.833
20 2669.811
22 2670.555
24 2738.511
2 2716.277
4 2692.201
6 2676.381
8 2673.640
10 2696.621
12 2669.989
14 2677.591
16 2670.313
18 2675.580
20 2715.981
22 2680.976
24 2671.029
2 2670.938
4 2696.836
6 2670.310
8 2674.893
10 2669.371
12 2678.749
14 2671.701
16 2668.573
18 2672.415
20 2680.067
22 2672.749
24 2673.196
2 2690.711
4 2669.351
6 2667.436
8 2725.630
10 2672.379
12 2674.963
14 2667.700
16 2677.609
18 2673.686
20 2669.516
22 2681.931
24 2670.754
2 2672.883
4 2740.949
6 2673.809
8 2671.252
10 2669.767
12 2673.642
14 2668.880
16 2674.093
18 2671.375
20 2673.341
22 2680.632
24 2669.503
2 2727.148
4 2670.676
6 2672.638
8 2669.374
10 2688.251
12 2696.139
14 2669.887
16 2679.451
18 2669.836
20 2679.912
22 2674.897
24 2672.137
