2 0.711
4 0.841
6 0.834
8 0.635
10 0.480
12 0.472
14 44.930
16 25.813
18 66.282
20 65.601
22 0.463
24 70.961
2 0.724
4 0.833
6 0.734
8 0.498
10 0.467
12 0.435
14 5.242
16 0.387
18 0.439
20 0.465
22 10.076
24 66.454
2 0.710
4 0.516
6 0.443
8 0.508
10 0.498
12 0.457
14 0.403
16 65.545
18 0.478
20 0.501
22 0.573
24 0.477
2 0.707
4 0.841
6 0.861
8 0.592
10 0.502
12 0.479
14 0.469
16 14.806
18 0.451
20 0.471
22 22.938
24 40.586
2 0.737
4 0.501
6 0.553
8 0.611
10 0.516
12 0.532
14 3.102
16 0.405
18 0.404
20 0.449
22 60.774
24 9.983
2 0.710
4 0.838
6 0.642
8 0.609
10 0.494
12 0.405
14 0.445
16 0.457
18 65.807
20 68.120
22 53.008
24 22.515
2 0.706
4 0.837
6 0.909
8 0.595
10 0.532
12 0.465
14 44.633
16 67.816
18 0.435
20 33.144
22 66.844
24 67.766
2 0.728
4 0.510
6 0.711
8 0.444
10 0.501
12 0.476
14 58.128
16 64.771
18 37.387
20 0.436
22 0.453
24 67.635
2 0.727
4 0.503
6 0.451
8 0.405
10 0.593
12 0.446
14 66.114
16 45.464
18 0.364
20 35.621
22 64.289
24 71.408
2 0.706
4 0.841
6 0.591
8 0.654
10 0.505
12 0.467
14 0.534
16 64.594
18 68.214
20 12.974
22 0.475
24 35.868
