2 11921.698
4 6084.612
6 3985.284
8 3045.728
10 2527.486
12 2138.721
14 1975.135
16 1881.282
18 1834.677
20 1734.772
22 1566.503
24 1433.729
2 12052.762
4 6072.052
6 4066.660
8 3005.261
10 2492.958
12 2197.124
14 2020.750
16 1870.471
18 1819.688
20 1733.921
22 1564.432
24 1648.275
2 11919.693
4 5978.014
6 4026.046
8 3033.122
10 2503.756
12 2147.260
14 2014.511
16 1884.440
18 1822.696
20 1721.592
22 1706.610
24 1431.475
2 11938.131
4 5994.719
6 4072.532
8 3094.377
10 2506.211
12 2159.963
14 1982.166
16 1880.089
18 1832.180
20 1736.252
22 1600.783
24 1453.855
2 11978.725
4 5760.299
6 4083.006
8 3013.904
10 2533.455
12 2153.719
14 2024.156
16 1917.516
18 1832.810
20 1710.449
22 1574.791
24 1443.126
2 12076.026
4 6005.860
6 3970.015
8 3043.788
10 2527.297
12 2166.338
14 1999.580
16 1936.366
18 1864.362
20 1740.928
22 1563.658
24 1462.430
2 12126.516
4 5669.214
6 4105.133
8 3119.960
10 2520.931
12 2151.492
14 2002.962
16 1870.717
18 1823.267
20 1729.089
22 1574.289
24 1650.929
2 11973.943
4 6047.988
6 4131.835
8 3024.299
10 2468.527
12 2159.428
14 2022.018
16 1911.804
18 1808.302
20 1734.422
22 1576.689
24 1454.157
2 12028.249
4 5824.781
6 4069.592
8 3067.773
10 2506.044
12 2151.930
14 2007.594
16 1865.565
18 1828.571
20 1735.568
22 1629.252
24 1450.699
2 12061.628
4 5692.839
6 3962.810
8 3103.656
10 2500.438
12 2151.505
14 1992.875
16 1898.829
18 1847.181
20 1734.297
22 1578.517
24 1444.252
