2 269749.841
4 269749.841
6 269749.841
8 269749.841
10 269749.841
12 269749.841
14 269749.841
16 269749.841
18 269749.841
20 269749.841
22 269749.841
24 269749.841
2 267311.506
4 267311.506
6 267311.506
8 267311.506
10 267311.506
12 267311.506
14 267311.506
16 267311.506
18 267311.506
20 267311.506
22 267311.506
24 267311.506
2 267367.130
4 267367.130
6 267367.130
8 267367.130
10 267367.130
12 267367.130
14 267367.130
16 267367.130
18 267367.130
20 267367.130
22 267367.130
24 267367.130
2 267211.497
4 267211.497
6 267211.497
8 267211.497
10 267211.497
12 267211.497
14 267211.497
16 267211.497
18 267211.497
20 267211.497
22 267211.497
24 267211.497
2 266957.051
4 266957.051
6 266957.051
8 266957.051
10 266957.051
12 266957.051
14 266957.051
16 266957.051
18 266957.051
20 266957.051
22 266957.051
24 266957.051
2 266534.013
4 266534.013
6 266534.013
8 266534.013
10 266534.013
12 266534.013
14 266534.013
16 266534.013
18 266534.013
20 266534.013
22 266534.013
24 266534.013
2 266813.565
4 266813.565
6 266813.565
8 266813.565
10 266813.565
12 266813.565
14 266813.565
16 266813.565
18 266813.565
20 266813.565
22 266813.565
24 266813.565
2 267426.327
4 267426.327
6 267426.327
8 267426.327
10 267426.327
12 267426.327
14 267426.327
16 267426.327
18 267426.327
20 267426.327
22 267426.327
24 267426.327
2 266927.402
4 266927.402
6 266927.402
8 266927.402
10 266927.402
12 266927.402
14 266927.402
16 266927.402
18 266927.402
20 266927.402
22 266927.402
24 266927.402
2 266991.220
4 266991.220
6 266991.220
8 266991.220
10 266991.220
12 266991.220
14 266991.220
16 266991.220
18 266991.220
20 266991.220
22 266991.220
24 266991.220
