2 416.182
4 246.215
6 186.698
8 183.449
10 156.075
12 143.240
14 142.807
16 184.440
18 168.439
20 163.879
22 218.242
24 133.256
2 416.383
4 249.030
6 179.070
8 170.645
10 155.092
12 151.496
14 137.182
16 169.028
18 126.236
20 146.650
22 135.781
24 141.868
2 415.969
4 242.280
6 203.412
8 141.013
10 122.622
12 154.185
14 159.430
16 171.612
18 213.328
20 263.605
22 212.739
24 149.434
2 418.603
4 249.750
6 158.381
8 123.375
10 117.719
12 144.840
14 133.998
16 116.723
18 132.478
20 142.791
22 129.855
24 139.120
2 417.906
4 252.846
6 169.087
8 145.557
10 160.471
12 154.495
14 122.356
16 130.414
18 173.305
20 176.829
22 132.037
24 151.051
2 416.340
4 249.608
6 198.509
8 130.159
10 170.134
12 128.909
14 125.877
16 127.148
18 149.358
20 134.463
22 173.247
24 137.518
2 416.273
4 257.075
6 197.050
8 134.350
10 174.685
12 145.349
14 141.288
16 204.464
18 144.166
20 153.901
22 134.027
24 363.100
2 416.349
4 249.899
6 181.885
8 180.261
10 167.564
12 150.716
14 142.872
16 121.757
18 123.950
20 141.710
22 135.495
24 154.494
2 421.711
4 251.254
6 193.039
8 183.736
10 131.261
12 157.360
14 131.645
16 120.401
18 135.392
20 149.284
22 140.066
24 170.256
2 416.334
4 240.296
6 188.985
8 184.232
10 160.410
12 141.851
14 129.057
16 118.391
18 136.887
20 136.210
22 134.866
24 148.312
