2 324.400
4 331.661
6 329.413
8 308.649
10 333.732
12 329.192
14 329.578
16 328.628
18 327.350
20 329.002
22 334.131
24 332.732
2 323.682
4 329.319
6 322.157
8 325.199
10 333.572
12 329.164
14 309.082
16 333.703
18 329.593
20 310.134
22 309.739
24 331.439
2 329.502
4 332.443
6 342.994
8 336.002
10 332.002
12 329.959
14 329.722
16 324.441
18 328.419
20 333.625
22 333.506
24 329.262
2 331.026
4 329.456
6 332.041
8 329.368
10 332.831
12 331.446
14 309.187
16 309.182
18 329.307
20 330.028
22 329.382
24 331.273
2 333.445
4 328.466
6 334.101
8 334.117
10 333.888
12 333.726
14 334.614
16 334.403
18 324.582
20 328.499
22 334.798
24 331.422
2 329.078
4 329.890
6 328.559
8 327.311
10 325.699
12 327.860
14 334.481
16 332.487
18 329.489
20 330.110
22 334.787
24 324.514
2 328.560
4 329.574
6 333.062
8 333.585
10 332.416
12 328.634
14 334.074
16 329.096
18 332.218
20 334.452
22 333.413
24 329.424
2 335.198
4 308.693
6 334.138
8 333.181
10 333.623
12 333.990
14 330.282
16 330.345
18 333.275
20 333.948
22 328.974
24 334.069
2 332.813
4 330.253
6 332.166
8 310.546
10 329.614
12 333.076
14 332.251
16 332.098
18 333.993
20 334.286
22 331.062
24 330.182
2 334.566
4 325.311
6 327.509
8 328.593
10 330.572
12 330.676
14 333.938
16 327.821
18 330.205
20 328.656
22 329.820
24 328.852
