2 1659.599
4 1717.178
6 1691.470
8 1662.589
10 1704.375
12 1658.072
14 1665.670
16 1665.304
18 1663.517
20 1659.690
22 1676.637
24 1649.549
2 1643.586
4 1704.521
6 1686.435
8 1683.628
10 1660.415
12 1687.620
14 1644.788
16 1650.970
18 1664.753
20 1644.464
22 1654.221
24 1670.065
2 1654.044
4 1671.407
6 1663.316
8 1643.169
10 1648.039
12 1665.806
14 1642.943
16 1642.579
18 1659.976
20 1679.289
22 1660.926
24 1664.462
2 1679.037
4 1643.260
6 1664.369
8 1644.002
10 1650.235
12 1676.941
14 1672.277
16 1717.573
18 1664.387
20 1660.269
22 1657.503
24 1650.526
2 1655.616
4 1658.678
6 1646.849
8 1643.259
10 1666.248
12 1669.408
14 1666.389
16 1644.103
18 1646.020
20 1659.201
22 1657.474
24 1678.135
2 1659.646
4 1643.340
6 1672.504
8 1657.771
10 1673.085
12 1675.839
14 1658.315
16 1656.041
18 1662.906
20 1655.703
22 1642.240
24 1661.507
2 1659.579
4 1663.522
6 1646.226
8 1643.262
10 1660.411
12 1647.171
14 1672.322
16 1642.470
18 1652.137
20 1681.591
22 1660.063
24 1645.527
2 1647.098
4 1662.425
6 1642.344
8 1658.549
10 1642.938
12 1651.138
14 1671.325
16 1657.401
18 1644.336
20 1670.280
22 1662.871
24 1651.610
2 1645.024
4 1659.249
6 1643.670
8 1642.749
10 1661.731
12 1654.296
14 1686.276
16 1692.248
18 1660.654
20 1669.657
22 1646.074
24 1642.429
2 1659.333
4 1661.190
6 1642.488
8 1643.948
10 1703.006
12 1716.639
14 1657.968
16 1647.035
18 1643.784
20 1668.447
22 1663.457
24 1660.147
