2 6826.537
4 3425.023
6 2310.350
8 1718.324
10 1377.517
12 1157.376
14 1635.157
16 1437.171
18 1279.283
20 1163.090
22 1062.360
24 977.492
2 6796.281
4 3432.541
6 2275.042
8 1734.879
10 1377.775
12 1156.073
14 1631.737
16 1439.642
18 1280.321
20 1163.106
22 1064.324
24 1113.178
2 6838.591
4 3439.109
6 2277.860
8 1748.166
10 1421.762
12 1365.961
14 1634.852
16 1436.817
18 1279.883
20 1163.451
22 1063.451
24 1048.146
2 6830.016
4 3445.626
6 2313.492
8 1740.673
10 1436.923
12 1503.840
14 1634.481
16 1436.520
18 1279.994
20 1161.463
22 1059.194
24 978.509
2 6803.000
4 3425.992
6 2309.883
8 1773.004
10 1392.517
12 1151.188
14 1632.529
16 1439.747
18 1279.868
20 1161.046
22 1057.307
24 985.643
2 6803.840
4 3454.819
6 2299.861
8 1736.986
10 1374.680
12 1152.530
14 1630.753
16 1439.906
18 1279.975
20 1160.813
22 1057.581
24 1206.851
2 6800.884
4 3445.770
6 2286.892
8 1776.341
10 1400.275
12 1152.893
14 1632.974
16 1440.905
18 1279.476
20 1162.759
22 1056.977
24 979.982
2 6811.211
4 3452.907
6 2291.497
8 1713.977
10 1376.794
12 1373.986
14 1631.711
16 1439.918
18 1279.364
20 1162.558
22 1055.325
24 980.589
2 6806.567
4 3455.587
6 2272.983
8 1722.365
10 1405.666
12 1150.381
14 1632.055
16 1439.171
18 1278.763
20 1162.126
22 1058.795
24 976.906
2 6796.441
4 3467.627
6 2320.820
8 1738.778
10 1395.646
12 1355.456
14 1632.646
16 1440.150
18 1279.838
20 1163.777
22 1059.367
24 1217.005
