2 76.779
4 24.569
6 30.178
8 14.401
10 19.564
12 17.204
14 13.588
16 72.318
18 17.683
20 87.683
22 20.862
24 41.393
2 40.900
4 31.927
6 32.500
8 21.008
10 22.048
12 24.546
14 16.964
16 13.131
18 9.240
20 8.301
22 7.859
24 71.513
2 40.621
4 32.439
6 29.310
8 24.085
10 18.275
12 18.061
14 17.394
16 9.820
18 9.308
20 80.883
22 89.614
24 32.289
2 40.586
4 32.243
6 27.508
8 15.349
10 11.427
12 15.675
14 11.687
16 9.859
18 13.799
20 8.262
22 12.523
24 19.334
2 40.667
4 32.107
6 24.337
8 21.869
10 23.229
12 19.964
14 35.522
16 12.001
18 9.258
20 8.245
22 21.389
24 58.200
2 40.646
4 34.638
6 36.164
8 19.611
10 27.036
12 27.281
14 14.394
16 9.829
18 9.207
20 12.901
22 18.528
24 36.354
2 40.521
4 32.590
6 25.814
8 22.603
10 21.712
12 20.820
14 10.892
16 9.782
18 13.879
20 13.816
22 14.263
24 11.838
2 40.573
4 30.563
6 37.146
8 22.495
10 18.137
12 17.404
14 17.286
16 9.806
18 12.360
20 11.373
22 7.844
24 16.568
2 40.562
4 32.158
6 32.688
8 32.825
10 17.068
12 17.722
14 19.786
16 9.813
18 9.201
20 50.475
22 24.619
24 31.723
2 40.546
4 34.573
6 39.273
8 26.369
10 18.675
12 13.113
14 14.060
16 9.868
18 9.246
20 13.751
22 28.547
24 11.900
