2 701.877
4 371.537
6 258.444
8 171.010
10 137.728
12 189.837
14 163.545
16 144.128
18 128.331
20 116.820
22 107.263
24 97.972
2 680.228
4 358.776
6 268.958
8 195.009
10 164.006
12 116.229
14 163.566
16 144.029
18 128.429
20 116.636
22 106.028
24 99.543
2 679.101
4 340.827
6 227.497
8 171.538
10 138.235
12 116.722
14 163.594
16 143.980
18 128.223
20 116.718
22 106.584
24 99.507
2 680.139
4 370.181
6 278.073
8 171.787
10 144.259
12 128.459
14 163.497
16 143.978
18 128.324
20 116.926
22 106.151
24 100.304
2 682.422
4 367.794
6 228.628
8 171.932
10 154.978
12 189.759
14 163.532
16 143.936
18 128.338
20 116.703
22 107.312
24 99.421
2 680.098
4 368.499
6 254.418
8 194.585
10 145.595
12 115.556
14 163.427
16 144.093
18 128.404
20 116.902
22 106.116
24 99.620
2 679.402
4 371.165
6 255.488
8 193.325
10 153.690
12 137.743
14 163.315
16 143.915
18 128.296
20 116.808
22 106.079
24 105.125
2 679.752
4 371.070
6 254.132
8 198.838
10 154.021
12 128.182
14 184.933
16 144.025
18 128.296
20 116.782
22 106.124
24 99.714
2 680.527
4 370.212
6 254.713
8 178.609
10 147.396
12 118.061
14 171.648
16 144.052
18 128.307
20 116.584
22 106.363
24 99.536
2 679.560
4 387.304
6 228.186
8 170.775
10 138.954
12 115.203
14 163.564
16 144.008
18 128.251
20 116.633
22 105.994
24 98.876
