2 14704.595
4 14704.595
6 14704.595
8 14704.595
10 14704.595
12 14704.595
14 14704.595
16 14704.595
18 14704.595
20 14704.595
22 14704.595
24 14704.595
2 14743.523
4 14743.523
6 14743.523
8 14743.523
10 14743.523
12 14743.523
14 14743.523
16 14743.523
18 14743.523
20 14743.523
22 14743.523
24 14743.523
2 14718.303
4 14718.303
6 14718.303
8 14718.303
10 14718.303
12 14718.303
14 14718.303
16 14718.303
18 14718.303
20 14718.303
22 14718.303
24 14718.303
2 14721.136
4 14721.136
6 14721.136
8 14721.136
10 14721.136
12 14721.136
14 14721.136
16 14721.136
18 14721.136
20 14721.136
22 14721.136
24 14721.136
2 14690.923
4 14690.923
6 14690.923
8 14690.923
10 14690.923
12 14690.923
14 14690.923
16 14690.923
18 14690.923
20 14690.923
22 14690.923
24 14690.923
2 14703.462
4 14703.462
6 14703.462
8 14703.462
10 14703.462
12 14703.462
14 14703.462
16 14703.462
18 14703.462
20 14703.462
22 14703.462
24 14703.462
2 14713.035
4 14713.035
6 14713.035
8 14713.035
10 14713.035
12 14713.035
14 14713.035
16 14713.035
18 14713.035
20 14713.035
22 14713.035
24 14713.035
2 14747.965
4 14747.965
6 14747.965
8 14747.965
10 14747.965
12 14747.965
14 14747.965
16 14747.965
18 14747.965
20 14747.965
22 14747.965
24 14747.965
2 14691.118
4 14691.118
6 14691.118
8 14691.118
10 14691.118
12 14691.118
14 14691.118
16 14691.118
18 14691.118
20 14691.118
22 14691.118
24 14691.118
2 14720.720
4 14720.720
6 14720.720
8 14720.720
10 14720.720
12 14720.720
14 14720.720
16 14720.720
18 14720.720
20 14720.720
22 14720.720
24 14720.720
