2 8.297
4 8.272
6 8.335
8 13.113
10 8.493
12 13.508
14 10.387
16 8.662
18 9.868
20 13.243
22 11.728
24 13.212
2 13.356
4 13.853
6 13.784
8 13.242
10 13.612
12 13.825
14 13.820
16 12.504
18 13.052
20 10.750
22 12.939
24 13.186
2 12.233
4 13.643
6 13.286
8 13.574
10 13.437
12 13.473
14 13.425
16 13.703
18 13.447
20 13.351
22 12.525
24 9.948
2 13.217
4 13.502
6 12.877
8 13.399
10 13.173
12 11.758
14 13.423
16 12.524
18 9.970
20 13.396
22 9.546
24 12.526
2 9.690
4 8.529
6 10.205
8 12.741
10 11.577
12 9.282
14 11.232
16 12.511
18 11.375
20 9.569
22 11.194
24 9.675
2 9.824
4 12.174
6 9.808
8 11.468
10 12.908
12 11.230
14 13.504
16 13.200
18 11.126
20 12.395
22 8.287
24 8.277
2 9.920
4 9.193
6 8.569
8 12.471
10 8.976
12 12.424
14 12.406
16 8.587
18 12.146
20 10.254
22 8.995
24 9.412
2 13.184
4 8.282
6 8.864
8 12.671
10 9.928
12 12.808
14 9.540
16 9.703
18 10.362
20 9.664
22 9.356
24 13.232
2 9.775
4 11.070
6 9.384
8 9.813
10 9.493
12 9.128
14 11.360
16 10.561
18 12.025
20 13.909
22 13.343
24 11.167
2 12.346
4 9.980
6 12.977
8 9.671
10 13.531
12 11.212
14 13.611
16 13.225
18 13.307
20 13.490
22 13.998
24 13.825
