2 117.080
4 124.514
6 125.495
8 124.041
10 124.555
12 123.785
14 124.437
16 124.155
18 107.059
20 123.664
22 123.692
24 124.598
2 104.500
4 124.898
6 124.674
8 104.228
10 125.268
12 124.214
14 123.888
16 112.423
18 123.990
20 124.819
22 125.028
24 125.710
2 123.618
4 127.084
6 124.344
8 104.340
10 124.145
12 124.657
14 124.742
16 122.388
18 125.292
20 124.074
22 125.172
24 124.673
2 125.499
4 123.815
6 125.719
8 127.864
10 119.262
12 124.628
14 124.293
16 123.947
18 124.490
20 125.577
22 123.661
24 124.438
2 125.238
4 123.616
6 125.925
8 123.556
10 124.778
12 104.231
14 124.231
16 119.910
18 104.476
20 125.267
22 124.911
24 124.972
2 125.709
4 124.424
6 126.402
8 123.967
10 124.422
12 125.330
14 124.700
16 125.002
18 115.681
20 125.177
22 124.513
24 123.996
2 125.889
4 123.944
6 125.668
8 115.518
10 117.610
12 123.847
14 125.323
16 125.861
18 123.589
20 125.595
22 124.971
24 123.890
2 124.308
4 124.127
6 123.601
8 124.700
10 105.800
12 124.589
14 125.216
16 124.639
18 124.107
20 124.605
22 124.294
24 120.438
2 125.890
4 125.236
6 125.038
8 124.220
10 125.025
12 124.500
14 120.439
16 124.413
18 124.181
20 120.242
22 122.526
24 124.171
2 125.092
4 120.787
6 124.290
8 127.759
10 104.325
12 104.246
14 119.896
16 124.264
18 104.448
20 119.309
22 107.985
24 124.441
