2 16468.678
4 16468.678
6 16468.678
8 16468.678
10 16468.678
12 16468.678
14 16468.678
16 16468.678
18 16468.678
20 16468.678
22 16468.678
24 16468.678
2 16468.133
4 16468.133
6 16468.133
8 16468.133
10 16468.133
12 16468.133
14 16468.133
16 16468.133
18 16468.133
20 16468.133
22 16468.133
24 16468.133
2 16478.915
4 16478.915
6 16478.915
8 16478.915
10 16478.915
12 16478.915
14 16478.915
16 16478.915
18 16478.915
20 16478.915
22 16478.915
24 16478.915
2 16466.762
4 16466.762
6 16466.762
8 16466.762
10 16466.762
12 16466.762
14 16466.762
16 16466.762
18 16466.762
20 16466.762
22 16466.762
24 16466.762
2 16456.775
4 16456.775
6 16456.775
8 16456.775
10 16456.775
12 16456.775
14 16456.775
16 16456.775
18 16456.775
20 16456.775
22 16456.775
24 16456.775
2 16464.759
4 16464.759
6 16464.759
8 16464.759
10 16464.759
12 16464.759
14 16464.759
16 16464.759
18 16464.759
20 16464.759
22 16464.759
24 16464.759
2 16469.723
4 16469.723
6 16469.723
8 16469.723
10 16469.723
12 16469.723
14 16469.723
16 16469.723
18 16469.723
20 16469.723
22 16469.723
24 16469.723
2 16471.755
4 16471.755
6 16471.755
8 16471.755
10 16471.755
12 16471.755
14 16471.755
16 16471.755
18 16471.755
20 16471.755
22 16471.755
24 16471.755
2 16475.888
4 16475.888
6 16475.888
8 16475.888
10 16475.888
12 16475.888
14 16475.888
16 16475.888
18 16475.888
20 16475.888
22 16475.888
24 16475.888
2 16492.024
4 16492.024
6 16492.024
8 16492.024
10 16492.024
12 16492.024
14 16492.024
16 16492.024
18 16492.024
20 16492.024
22 16492.024
24 16492.024
2 16487.374
4 16487.374
6 16487.374
8 16487.374
10 16487.374
12 16487.374
14 16487.374
16 16487.374
18 16487.374
20 16487.374
22 16487.374
24 16487.374
2 16471.840
4 16471.840
6 16471.840
8 16471.840
10 16471.840
12 16471.840
14 16471.840
16 16471.840
18 16471.840
20 16471.840
22 16471.840
24 16471.840
