2 430.159
4 356.454
6 329.300
8 317.817
10 308.651
12 281.604
14 307.651
16 352.606
18 374.665
20 328.039
22 360.300
24 377.192
2 428.691
4 329.086
6 311.740
8 300.495
10 377.305
12 310.341
14 307.250
16 288.856
18 336.118
20 376.962
22 357.060
24 366.378
2 431.533
4 338.482
6 302.729
8 313.118
10 376.710
12 317.046
14 373.489
16 299.781
18 382.862
20 398.079
22 395.309
24 366.908
2 430.099
4 328.900
6 327.557
8 342.190
10 354.017
12 290.322
14 318.384
16 354.749
18 387.336
20 335.564
22 364.936
24 375.646
2 454.824
4 370.636
6 312.636
8 358.371
10 329.987
12 344.119
14 294.981
16 342.311
18 329.363
20 356.121
22 328.203
24 373.994
2 455.005
4 357.237
6 325.717
8 323.421
10 327.864
12 315.335
14 292.836
16 304.784
18 391.519
20 381.783
22 368.785
24 359.357
2 432.190
4 325.982
6 334.027
8 341.782
10 383.847
12 300.193
14 295.552
16 330.023
18 345.623
20 393.401
22 340.021
24 378.391
2 454.988
4 351.402
6 304.914
8 307.883
10 366.332
12 298.932
14 313.577
16 331.455
18 387.376
20 345.510
22 360.679
24 389.394
2 401.528
4 374.218
6 323.566
8 311.768
10 298.721
12 307.202
14 376.062
16 322.627
18 402.489
20 398.866
22 361.376
24 376.683
2 430.415
4 353.174
6 303.797
8 315.927
10 299.137
12 292.182
14 314.947
16 319.529
18 380.202
20 389.737
22 362.331
24 383.788
