2 779.527
4 779.527
6 779.527
8 779.527
10 779.527
12 779.527
14 779.527
16 779.527
18 779.527
20 779.527
22 779.527
24 779.527
2 785.779
4 785.779
6 785.779
8 785.779
10 785.779
12 785.779
14 785.779
16 785.779
18 785.779
20 785.779
22 785.779
24 785.779
2 781.397
4 781.397
6 781.397
8 781.397
10 781.397
12 781.397
14 781.397
16 781.397
18 781.397
20 781.397
22 781.397
24 781.397
2 778.326
4 778.326
6 778.326
8 778.326
10 778.326
12 778.326
14 778.326
16 778.326
18 778.326
20 778.326
22 778.326
24 778.326
2 785.122
4 785.122
6 785.122
8 785.122
10 785.122
12 785.122
14 785.122
16 785.122
18 785.122
20 785.122
22 785.122
24 785.122
2 778.406
4 778.406
6 778.406
8 778.406
10 778.406
12 778.406
14 778.406
16 778.406
18 778.406
20 778.406
22 778.406
24 778.406
2 778.794
4 778.794
6 778.794
8 778.794
10 778.794
12 778.794
14 778.794
16 778.794
18 778.794
20 778.794
22 778.794
24 778.794
2 778.197
4 778.197
6 778.197
8 778.197
10 778.197
12 778.197
14 778.197
16 778.197
18 778.197
20 778.197
22 778.197
24 778.197
2 778.015
4 778.015
6 778.015
8 778.015
10 778.015
12 778.015
14 778.015
16 778.015
18 778.015
20 778.015
22 778.015
24 778.015
2 777.653
4 777.653
6 777.653
8 777.653
10 777.653
12 777.653
14 777.653
16 777.653
18 777.653
20 777.653
22 777.653
24 777.653
