2 20.522
4 21.213
6 17.274
8 21.548
10 20.083
12 21.499
14 15.653
16 21.399
18 16.015
20 14.448
22 21.121
24 14.841
2 14.428
4 21.488
6 15.506
8 14.438
10 21.218
12 21.367
14 17.295
16 14.417
18 14.428
20 20.367
22 21.552
24 20.147
2 20.157
4 20.376
6 21.352
8 21.493
10 16.307
12 14.385
14 14.461
16 14.442
18 14.447
20 16.318
22 21.778
24 20.618
2 21.600
4 21.429
6 21.124
8 20.053
10 21.046
12 20.029
14 21.329
16 21.350
18 21.230
20 14.715
22 14.406
24 21.586
2 21.253
4 15.479
6 14.439
8 21.363
10 14.942
12 21.373
14 21.190
16 17.260
18 21.272
20 17.817
22 21.409
24 21.583
2 21.290
4 15.469
6 21.501
8 21.237
10 20.598
12 21.406
14 21.225
16 17.272
18 18.237
20 21.347
22 17.487
24 20.239
2 21.243
4 21.486
6 15.452
8 14.422
10 21.326
12 19.289
14 20.352
16 21.003
18 20.264
20 21.241
22 21.353
24 17.165
2 21.479
4 19.962
6 16.441
8 14.439
10 21.473
12 21.361
14 21.211
16 15.544
18 21.295
20 20.324
22 21.102
24 17.778
2 15.182
4 14.409
6 14.544
8 14.431
10 20.042
12 18.156
14 14.405
16 21.095
18 14.926
20 14.422
22 21.284
24 17.300
2 21.455
4 21.420
6 21.104
8 21.797
10 15.553
12 21.267
14 21.381
16 20.993
18 21.110
20 21.740
22 20.195
24 14.441
