2 178.298
4 180.513
6 164.621
8 164.432
10 184.413
12 164.401
14 164.391
16 167.423
18 186.344
20 180.795
22 186.748
24 180.228
2 167.181
4 164.460
6 187.117
8 164.359
10 186.224
12 183.868
14 164.406
16 177.929
18 180.403
20 166.163
22 164.365
24 180.490
2 164.434
4 181.758
6 176.454
8 182.850
10 182.864
12 179.623
14 176.261
16 164.500
18 182.933
20 181.264
22 168.528
24 182.758
2 180.218
4 169.755
6 164.395
8 180.143
10 180.099
12 186.358
14 183.936
16 164.428
18 176.121
20 186.621
22 187.401
24 186.518
2 180.573
4 179.950
6 186.505
8 187.174
10 182.241
12 181.023
14 164.398
16 186.610
18 185.801
20 186.106
22 180.371
24 164.397
2 186.442
4 187.242
6 180.755
8 180.346
10 186.559
12 180.872
14 189.153
16 164.584
18 177.126
20 181.422
22 175.103
24 181.098
2 177.744
4 181.129
6 166.290
8 178.275
10 186.505
12 177.112
14 187.244
16 164.513
18 176.117
20 179.935
22 170.259
24 164.396
2 164.387
4 183.020
6 187.816
8 179.811
10 172.066
12 186.277
14 180.414
16 244.387
18 181.441
20 176.891
22 186.754
24 177.484
2 164.294
4 182.260
6 186.499
8 187.271
10 186.860
12 187.273
14 174.589
16 187.356
18 180.212
20 177.585
22 186.579
24 175.155
2 186.241
4 186.959
6 181.232
8 185.281
10 172.162
12 180.827
14 184.731
16 179.683
18 164.629
20 177.186
22 187.028
24 180.171
