2 9.096
4 6.929
6 5.684
8 4.962
10 4.611
12 4.932
14 4.884
16 5.734
18 49.974
20 87.305
22 8.776
24 7.072
2 8.807
4 5.131
6 4.363
8 4.877
10 4.932
12 4.966
14 5.441
16 5.509
18 13.371
20 6.489
22 6.513
24 43.951
2 8.658
4 6.403
6 5.682
8 4.355
10 3.349
12 4.480
14 23.682
16 13.854
18 24.596
20 9.304
22 24.348
24 102.438
2 8.689
4 6.725
6 6.241
8 5.331
10 5.013
12 4.917
14 4.962
16 5.529
18 5.958
20 98.130
22 9.080
24 132.266
2 8.627
4 6.777
6 5.346
8 4.529
10 4.503
12 4.844
14 5.289
16 5.695
18 6.064
20 6.327
22 9.701
24 6.838
2 8.640
4 6.744
6 4.962
8 4.585
10 4.542
12 4.963
14 5.259
16 9.191
18 9.779
20 6.689
22 20.135
24 29.298
2 8.691
4 5.184
6 5.043
8 4.960
10 4.510
12 6.550
14 8.902
16 5.641
18 6.022
20 58.316
22 6.512
24 10.787
2 8.711
4 6.897
6 5.906
8 4.070
10 4.649
12 4.681
14 5.270
16 5.446
18 6.041
20 6.463
22 10.085
24 7.409
2 8.684
4 5.987
6 5.941
8 5.002
10 4.750
12 5.228
14 5.393
16 5.613
18 5.762
20 6.454
22 6.876
24 7.412
2 8.688
4 6.598
6 5.196
8 4.489
10 4.328
12 4.996
14 5.193
16 47.443
18 6.126
20 6.424
22 9.945
24 10.403
