2 14687.998
4 14705.391
6 14692.708
8 14758.247
10 14711.925
12 14702.878
14 14700.187
16 14699.384
18 14711.898
20 14705.024
22 14716.098
24 14756.331
2 14750.139
4 14714.764
6 14727.209
8 14697.090
10 14705.293
12 14725.302
14 14702.527
16 14712.204
18 14715.721
20 14706.685
22 14699.290
24 14698.989
2 14696.763
4 14719.804
6 14710.576
8 14701.861
10 14725.625
12 14708.519
14 14764.390
16 14707.658
18 14703.916
20 14694.534
22 14688.883
24 14714.101
2 14713.880
4 14746.637
6 14713.124
8 14775.763
10 14705.775
12 14694.689
14 14703.907
16 14710.224
18 14713.349
20 14701.826
22 14719.320
24 14696.217
2 14689.673
4 14741.397
6 14722.634
8 14740.613
10 14693.171
12 14696.942
14 14769.534
16 14699.281
18 14697.953
20 14726.445
22 14737.181
24 14688.386
2 14721.624
4 14681.886
6 14712.815
8 14710.432
10 14695.310
12 14706.814
14 14701.657
16 14728.080
18 14756.647
20 14714.183
22 14705.144
24 14711.748
2 14722.903
4 14719.972
6 14688.609
8 14706.055
10 14704.433
12 14728.939
14 14705.636
16 14726.034
18 14759.549
20 14719.993
22 14698.970
24 14709.964
2 14718.705
4 14716.650
6 14689.880
8 14715.700
10 14707.144
12 14723.208
14 14745.984
16 14738.440
18 14729.026
20 14705.279
22 14715.939
24 14765.927
2 14727.585
4 14716.413
6 14741.519
8 14689.244
10 14683.816
12 14694.423
14 14730.378
16 14694.676
18 14701.977
20 14729.636
22 14712.432
24 14686.883
2 14738.348
4 14772.619
6 14696.688
8 14789.336
10 14716.532
12 14705.605
14 14792.853
16 14697.084
18 14721.359
20 14682.954
22 14767.474
24 14736.892
