2 1.982
4 1.998
6 2.008
8 2.010
10 2.001
12 1.994
14 1.990
16 2.002
18 2.001
20 2.007
22 1.993
24 1.990
2 1.995
4 2.003
6 2.003
8 2.002
10 2.020
12 1.970
14 2.009
16 1.983
18 1.998
20 1.971
22 2.010
24 2.021
2 2.020
4 2.007
6 1.999
8 1.993
10 1.997
12 2.006
14 2.001
16 2.000
18 2.001
20 2.008
22 1.999
24 1.998
2 2.008
4 2.010
6 2.009
8 1.998
10 2.008
12 2.003
14 1.994
16 2.014
18 1.988
20 1.979
22 2.000
24 1.995
2 2.029
4 1.990
6 2.001
8 2.000
10 2.014
12 2.003
14 1.979
16 1.998
18 1.995
20 1.993
22 1.980
24 1.997
2 1.998
4 2.004
6 1.972
8 1.996
10 1.986
12 1.996
14 1.995
16 2.001
18 1.997
20 2.003
22 1.995
24 1.997
2 1.994
4 1.997
6 1.989
8 2.006
10 2.022
12 2.000
14 2.017
16 2.000
18 2.006
20 2.014
22 2.007
24 1.979
2 2.010
4 1.976
6 1.994
8 2.005
10 2.000
12 2.003
14 2.015
16 2.000
18 1.994
20 2.007
22 1.997
24 1.996
2 1.998
4 2.017
6 2.001
8 1.995
10 2.012
12 1.989
14 2.005
16 2.004
18 2.012
20 1.999
22 2.015
24 1.993
2 2.001
4 2.007
6 2.010
8 2.009
10 1.981
12 2.007
14 2.005
16 1.981
18 2.020
20 2.014
22 1.993
24 1.998
