2 12048.784
4 6170.696
6 4355.051
8 3546.665
10 3180.695
12 3065.843
14 3096.826
16 3141.630
18 3056.226
20 2984.451
22 2945.052
24 2911.833
2 12001.767
4 5964.704
6 4202.779
8 3562.357
10 3161.115
12 3028.103
14 3074.619
16 3146.410
18 3053.185
20 2989.978
22 2895.950
24 3049.654
2 12002.971
4 6184.679
6 4317.682
8 3575.668
10 3171.800
12 3063.447
14 3070.847
16 3160.183
18 3089.585
20 2962.367
22 2959.204
24 3131.201
2 12140.387
4 6198.471
6 4204.541
8 3575.841
10 3187.375
12 3062.536
14 3079.509
16 3137.844
18 3048.745
20 2980.702
22 3005.273
24 3104.387
2 12005.260
4 5772.855
6 4288.017
8 3538.554
10 3166.422
12 3014.949
14 3103.744
16 3146.592
18 3036.314
20 2978.320
22 2940.706
24 2922.705
2 12043.398
4 5931.820
6 4320.219
8 3592.904
10 3119.380
12 3029.114
14 3199.799
16 3164.855
18 3034.532
20 2983.169
22 2975.499
24 2949.224
2 10751.923
4 6109.999
6 4276.791
8 3526.112
10 3177.713
12 3049.375
14 3145.235
16 3129.228
18 3046.789
20 2985.494
22 2979.180
24 3097.524
2 12045.206
4 6246.381
6 4276.830
8 3529.559
10 3139.348
12 3050.192
14 3169.424
16 3125.529
18 3024.677
20 2983.924
22 3020.007
24 2924.091
2 11991.876
4 5950.100
6 4283.024
8 3533.060
10 3193.730
12 3042.035
14 3073.219
16 3139.422
18 3073.868
20 3013.512
22 2892.864
24 2932.825
2 12175.843
4 6230.187
6 4252.258
8 3543.189
10 3183.694
12 3042.517
14 3074.915
16 3107.717
18 3023.962
20 2998.600
22 2935.491
24 3126.366
