2 30.283
4 33.798
6 23.560
8 23.569
10 33.279
12 33.821
14 33.507
16 34.316
18 33.983
20 33.646
22 33.221
24 33.606
2 33.629
4 34.241
6 33.597
8 26.143
10 31.960
12 33.477
14 33.651
16 33.702
18 30.934
20 23.449
22 33.849
24 33.527
2 34.046
4 33.293
6 23.531
8 33.256
10 34.044
12 33.129
14 30.051
16 25.386
18 23.486
20 33.662
22 33.956
24 33.662
2 33.718
4 33.503
6 26.022
8 31.771
10 33.402
12 33.866
14 32.917
16 33.389
18 33.764
20 33.465
22 32.225
24 33.540
2 35.175
4 26.093
6 30.311
8 23.461
10 25.480
12 23.472
14 23.524
16 23.490
18 23.671
20 23.739
22 23.474
24 23.497
2 23.469
4 23.727
6 23.487
8 23.473
10 23.684
12 23.674
14 28.595
16 30.510
18 23.429
20 30.283
22 32.255
24 29.859
2 23.696
4 29.686
6 23.516
8 23.476
10 23.426
12 23.438
14 23.472
16 25.204
18 23.460
20 30.725
22 23.445
24 33.448
2 33.330
4 23.473
6 23.453
8 33.943
10 23.489
12 33.512
14 33.962
16 32.503
18 33.550
20 32.605
22 33.891
24 33.493
2 31.563
4 33.800
6 33.443
8 23.475
10 33.614
12 34.183
14 32.031
16 33.385
18 33.929
20 33.447
22 33.334
24 33.825
2 33.643
4 34.053
6 33.170
8 33.825
10 23.414
12 23.430
14 23.465
16 33.875
18 33.898
20 33.634
22 32.980
24 33.891
