2 284.368
4 228.929
6 171.670
8 118.138
10 129.360
12 122.272
14 128.017
16 126.183
18 102.198
20 107.793
22 129.918
24 133.645
2 270.575
4 181.445
6 171.201
8 157.538
10 125.914
12 100.856
14 123.575
16 122.772
18 122.019
20 124.730
22 130.695
24 136.263
2 273.326
4 226.555
6 188.752
8 156.298
10 134.170
12 126.572
14 120.077
16 129.016
18 131.110
20 129.804
22 123.593
24 130.078
2 283.237
4 222.863
6 176.598
8 137.320
10 137.977
12 119.444
14 119.811
16 126.223
18 125.453
20 127.750
22 130.634
24 134.109
2 264.734
4 230.998
6 182.216
8 137.270
10 126.015
12 102.305
14 125.369
16 122.035
18 120.696
20 106.756
22 130.609
24 137.399
2 257.770
4 225.639
6 175.203
8 143.791
10 130.220
12 105.650
14 123.431
16 123.354
18 123.952
20 124.875
22 128.023
24 134.667
2 274.494
4 206.992
6 178.094
8 158.847
10 136.083
12 125.548
14 125.217
16 127.407
18 128.144
20 127.358
22 129.217
24 131.963
2 268.518
4 238.099
6 176.400
8 136.207
10 125.719
12 122.873
14 124.812
16 120.142
18 127.466
20 129.265
22 125.309
24 114.964
2 268.508
4 213.259
6 179.708
8 152.778
10 130.184
12 124.849
14 105.314
16 122.610
18 125.225
20 129.517
22 127.935
24 114.470
2 187.791
4 220.598
6 178.528
8 145.455
10 139.541
12 120.079
14 123.117
16 129.905
18 123.280
20 111.314
22 130.002
24 135.911
